0.0 0.25 156.0 1.0 55.8 1.0
0.0 0.3 182.0 0.8 47.75 0.833333333333
0.0 0.35 152.0 0.8 57.75 0.538461538462
0.0 0.4 168.0 1.0 50.6 1.0
0.0 0.45 166.0 0.8 44.5 0.368421052632
0.0 0.5 166.0 1.0 55.6 1.0
0.0 0.55 188.0 0.8 41.5 0.961538461538
0.0 0.6 150.0 1.0 46.0 1.0
0.0 0.65 188.0 0.8 56.75 0.888888888889
0.0 0.7 174.0 0.8 62.0 0.944444444444
0.0 0.75 184.0 0.8 45.5 0.933333333333
0.05 0.25 178.0 1.0 189.2 1.0
0.05 0.3 146.0 0.8 51.75 0.272727272727
0.05 0.35 144.0 1.0 60.8 1.0
0.05 0.4 138.0 0.8 79.25 0.466666666667
0.05 0.45 176.0 1.0 97.4 1.0
0.05 0.5 200.0 0.4 77.0 0.804487179487
0.05 0.55 156.0 1.0 68.2 1.0
0.05 0.6 130.0 0.8 87.75 0.8125
