0.0 0.0 163.1 0.925 87.2756756757 0.769014556708
0.0 0.05 172.45 0.85 85.8941176471 0.840642115428
0.0 0.1 164.3 0.88 80.6590909091 0.761989287623
0.0 0.15 172.4 0.845 81.9585798817 0.761046754022
0.0 0.2 181.75 0.745 81.8053691275 0.83583379777
0.0 0.25 176.95 0.79 77.0443037975 0.834358631329
0.0 0.3 187.0 0.695 74.8129496403 0.826061170454
0.0 0.35 180.25 0.715 71.5944055944 0.801300468931
0.0 0.4 185.0 0.67 66.5820895522 0.826229829007
0.0 0.45 181.4 0.685 65.9635036496 0.778555692592
0.0 0.5 187.7 0.57 69.1403508772 0.764130214633
0.05 0.0 173.5 0.875 95.4685714286 0.812675052046
0.05 0.05 168.05 0.865 94.8843930636 0.815135291112
0.05 0.1 175.25 0.8 95.28125 0.778687166199
0.05 0.15 175.85 0.765 88.7777777778 0.796350336677
0.05 0.2 183.05 0.725 89.124137931 0.797023277486
0.05 0.25 175.5 0.725 87.8620689655 0.777051925465
0.05 0.3 177.45 0.745 83.1275167785 0.818284482812
0.05 0.35 187.95 0.68 74.7647058824 0.817255992172
0.05 0.4 187.9 0.63 78.9682539683 0.776971570065
0.05 0.45 187.9 0.555 73.9189189189 0.78693878723
0.05 0.5 199.1 0.475 73.9157894737 0.806747225796
0.1 0.0 168.1 0.88 115.034090909 0.797823614044
0.1 0.05 171.2 0.84 121.238095238 0.737266136212
0.1 0.1 178.55 0.77 109.883116883 0.82263796222
0.1 0.15 183.65 0.695 94.1726618705 0.789028624974
0.1 0.2 178.5 0.725 92.3724137931 0.781757183156
0.1 0.25 182.55 0.63 94.2063492063 0.780121913347
0.1 0.3 194.6 0.54 98.287037037 0.791215127989
0.1 0.35 192.1 0.54 80.8518518519 0.810132652906
0.1 0.4 195.1 0.465 79.6989247312 0.795837101276
0.1 0.45 193.9 0.485 76.9690721649 0.78589770661
0.1 0.5 202.6 0.38 79.6710526316 0.76739443146
0.15 0.0 177.75 0.78 159.506410256 0.785248545827
0.15 0.05 177.55 0.71 131.302816901 0.792573352329
0.15 0.1 181.4 0.66 126.227272727 0.815826274941
0.15 0.15 175.05 0.72 130.416666667 0.767208607564
0.15 0.2 191.6 0.595 113.344537815 0.793717853077
0.15 0.25 189.65 0.52 101.971153846 0.785328758379
0.15 0.3 194.0 0.53 99.9056603774 0.768897877311
0.15 0.35 191.65 0.48 89.9479166667 0.759418643153
0.15 0.4 199.3 0.37 90.3783783784 0.741474907933
0.15 0.45 194.8 0.38 89.7631578947 0.715252037733
0.15 0.5 196.95 0.35 72.8571428571 0.7150948042
0.2 0.0 178.5 0.685 151.481751825 0.808774835634
0.2 0.05 184.3 0.64 150.6484375 0.775250376098
0.2 0.1 185.85 0.63 144.825396825 0.798060787496
0.2 0.15 192.8 0.55 127.390909091 0.794746479115
0.2 0.2 194.3 0.455 123.395604396 0.761350817712
0.2 0.25 191.65 0.45 124.377777778 0.755600433575
0.2 0.3 187.6 0.48 113.40625 0.73632200905
0.2 0.35 197.85 0.38 110.776315789 0.763460649679
0.2 0.4 193.8 0.335 96.5970149254 0.716480950252
0.2 0.45 200.15 0.305 92.2786885246 0.762564661417
0.2 0.5 204.2 0.21 93.6428571429 0.702893394189
0.25 0.0 169.15 0.645 199.434108527 0.760945389725
0.25 0.05 177.45 0.6 186.925 0.786167897194
0.25 0.1 187.1 0.51 171.519607843 0.767701557424
0.25 0.15 187.25 0.475 149.326315789 0.76514218451
0.25 0.2 189.85 0.425 145.411764706 0.751661074577
0.25 0.25 192.55 0.385 107.428571429 0.756984795512
0.25 0.3 192.95 0.36 115.166666667 0.738826509579
0.25 0.35 203.0 0.215 99.2558139535 0.747285329368
0.25 0.4 196.45 0.26 116.096153846 0.724400193431
0.25 0.45 201.85 0.18 92.25 0.712077851663
0.25 0.5 200.65 0.21 81.9047619048 0.725223892016
0.3 0.0 182.4 0.425 250.094117647 0.780048950458
0.3 0.05 188.8 0.45 221.833333333 0.764975913574
0.3 0.1 188.65 0.4 190.7125 0.767603394485
0.3 0.15 190.85 0.37 168.121621622 0.760745167514
0.3 0.2 187.95 0.315 172.253968254 0.73877717454
0.3 0.25 190.7 0.31 116.274193548 0.729539670503
0.3 0.3 188.7 0.27 125.314814815 0.691023705417
0.3 0.35 197.45 0.2 112.95 0.718407916253
0.3 0.4 196.45 0.175 119.657142857 0.69085846281
0.3 0.45 195.6 0.16 107.34375 0.688102755573
0.3 0.5 196.2 0.15 123.7 0.679212191819
0.35 0.0 177.15 0.35 312.957142857 0.774618587857
0.35 0.05 181.95 0.42 224.785714286 0.782643380776
0.35 0.1 189.5 0.34 208.338235294 0.770178683689
0.35 0.15 189.15 0.3 229.05 0.738710283008
0.35 0.2 190.55 0.24 183.1875 0.727747000366
0.35 0.25 198.5 0.18 152.305555556 0.722779847857
0.35 0.3 187.95 0.225 168.222222222 0.697236983444
0.35 0.35 194.7 0.15 124.633333333 0.704702517019
0.35 0.4 193.7 0.135 120.814814815 0.671094922437
0.35 0.45 194.05 0.125 123.0 0.696660503681
0.35 0.5 190.55 0.105 98.8571428571 0.661185232762
0.4 0.0 152.05 0.305 319.508196721 0.756541709818
0.4 0.05 182.2 0.28 271.464285714 0.753605787796
0.4 0.1 184.15 0.24 247.833333333 0.708718486926
0.4 0.15 192.35 0.18 214.611111111 0.723055633165
0.4 0.2 189.0 0.165 157.545454545 0.704074150302
0.4 0.25 184.95 0.18 170.75 0.689770502772
0.4 0.3 192.1 0.1 140.4 0.689402237224
0.4 0.35 190.6 0.115 140.956521739 0.678459337821
0.4 0.4 189.3 0.08 152.75 0.674994356468
0.4 0.45 187.55 0.09 123.777777778 0.64790047438
0.4 0.5 186.95 0.075 101.466666667 0.629399190093
0.45 0.0 172.2 0.215 348.372093023 0.75872890449
0.45 0.05 178.7 0.205 328.414634146 0.717566197812
0.45 0.1 177.8 0.185 345.864864865 0.714141871144
0.45 0.15 178.75 0.17 259.705882353 0.699291217317
0.45 0.2 180.8 0.1 211.35 0.681835490998
0.45 0.25 189.1 0.11 153.545454545 0.701164724042
0.45 0.3 186.05 0.06 152.333333333 0.672404446442
0.45 0.35 178.45 0.115 126.347826087 0.642889546142
0.45 0.4 180.55 0.085 115.352941176 0.6387071202
0.45 0.45 185.9 0.05 214.3 0.632511689635
0.45 0.5 184.0 0.05 154.3 0.637281521795
0.5 0.0 167.55 0.175 402.342857143 0.714204673273
0.5 0.05 163.85 0.13 387.076923077 0.711320131885
0.5 0.1 174.8 0.105 289.761904762 0.68839438813
0.5 0.15 169.35 0.1 315.6 0.642489825757
0.5 0.2 178.0 0.055 259.909090909 0.654299863324
0.5 0.25 175.3 0.09 202.0 0.642478503074
0.5 0.3 179.2 0.025 169.4 0.666336952121
0.5 0.35 172.6 0.065 192.846153846 0.613498627754
0.5 0.4 174.7 0.05 99.2 0.617646359362
0.5 0.45 172.95 0.055 123.818181818 0.59596000331
0.5 0.5 176.4 0.025 107.8 0.595220934022
