0.0 0.25 164.033333333 0.883333333333 99.1962264151 0.727610400425
0.0 0.3 170.033333333 0.853333333333 70.34765625 0.672558685451
0.0 0.35 170.4 0.87 70.3409961686 0.699165378979
0.0 0.4 170.1 0.846666666667 61.1496062992 0.73200433318
0.0 0.45 169.033333333 0.843333333333 61.95256917 0.718971473692
0.0 0.5 171.733333333 0.826666666667 53.9475806452 0.746452946328
0.0 0.55 170.8 0.836666666667 64.9043824701 0.720270104024
0.0 0.6 169.966666667 0.796666666667 59.1422594142 0.693342378911
0.0 0.65 163.9 0.883333333333 57.7169811321 0.746084594432
0.0 0.7 171.733333333 0.816666666667 59.3755102041 0.756007749748
0.0 0.75 168.466666667 0.833333333333 59.76 0.728902883009
0.05 0.25 172.666666667 0.8 133.295833333 0.729369217885
0.05 0.3 164.266666667 0.813333333333 106.495901639 0.670774347779
0.05 0.35 166.7 0.783333333333 95.9914893617 0.72660710312
0.05 0.4 166.933333333 0.746666666667 86.8080357143 0.711088025952
0.05 0.45 170.066666667 0.736666666667 89.2126696833 0.711504048976
0.05 0.5 168.4 0.706666666667 84.4056603774 0.657030928896
0.05 0.55 171.666666667 0.72 75.5925925926 0.693926902315
0.05 0.6 169.633333333 0.67 64.0447761194 0.650727807869
0.05 0.65 176.966666667 0.646666666667 70.9329896907 0.712778861732
0.05 0.7 175.366666667 0.643333333333 71.0880829016 0.723302408332
0.05 0.75 174.733333333 0.65 83.0358974359 0.697751878162
0.1 0.25 154.733333333 0.756666666667 168.334801762 0.711418471238
0.1 0.3 155.133333333 0.75 157.902222222 0.665260482686
0.1 0.35 150.866666667 0.76 124.675438596 0.696094693373
0.1 0.4 155.933333333 0.683333333333 123.746341463 0.699648802041
0.1 0.45 158.1 0.63 106.55026455 0.669094464909
0.1 0.5 161.1 0.643333333333 106.186528497 0.669580687827
0.1 0.55 168.866666667 0.526666666667 95.3164556962 0.681507434813
0.1 0.6 168.233333333 0.58 96.7816091954 0.700470683469
0.1 0.65 169.633333333 0.53 90.7610062893 0.673035215531
0.1 0.7 160.9 0.52 91.4935897436 0.621692755885
0.1 0.75 163.4 0.496666666667 88.4026845638 0.657808467685
0.15 0.25 124.866666667 0.723333333333 190.156682028 0.697116392806
0.15 0.3 137.8 0.666666666667 167.175 0.726664219867
0.15 0.35 140.433333333 0.626666666667 165.39893617 0.672388946304
0.15 0.4 139.133333333 0.61 151.06010929 0.661545925317
0.15 0.45 143.533333333 0.53 128.754716981 0.65195734428
0.15 0.5 153.433333333 0.463333333333 125.561151079 0.68240677317
0.15 0.55 147.866666667 0.476666666667 122.237762238 0.636786843863
0.15 0.6 160.6 0.4 98.7166666667 0.691500404423
0.15 0.65 155.566666667 0.35 124.40952381 0.641722028581
0.15 0.7 151.9 0.376666666667 118.017699115 0.609644771591
0.15 0.75 158.0 0.34 127.382352941 0.602955280879
0.2 0.25 31.1666666667 0.633333333333 259.542105263 0.688049105545
0.2 0.3 77.7666666667 0.606666666667 216.620879121 0.678954868304
0.2 0.35 109.433333333 0.573333333333 173.918604651 0.670490446717
0.2 0.4 106.466666667 0.523333333333 162.891719745 0.651656578871
0.2 0.45 124.5 0.443333333333 153.857142857 0.669276793342
0.2 0.5 125.133333333 0.406666666667 128.0 0.638559593378
0.2 0.55 135.133333333 0.386666666667 128.663793103 0.621500115717
0.2 0.6 140.033333333 0.323333333333 132.546391753 0.650710574092
0.2 0.65 133.433333333 0.286666666667 126.860465116 0.590387549876
0.2 0.7 141.333333333 0.28 116.666666667 0.56643745057
0.2 0.75 151.166666667 0.2 144.166666667 0.600446402191
0.25 0.25 -31.8666666667 0.596666666667 290.329608939 0.683993062728
0.25 0.3 38.1666666667 0.586666666667 239.761363636 0.711087527354
0.25 0.35 68.5666666667 0.44 213.431818182 0.674919734484
0.25 0.4 79.4 0.436666666667 186.030534351 0.641078457938
0.25 0.45 94.7666666667 0.403333333333 178.355371901 0.625898805663
0.25 0.5 104.966666667 0.33 158.595959596 0.624227384285
0.25 0.55 110.433333333 0.296666666667 154.820224719 0.60313262187
0.25 0.6 117.366666667 0.27 137.0 0.604497368574
0.25 0.65 117.033333333 0.193333333333 153.862068966 0.611086243817
0.25 0.7 128.9 0.183333333333 124.709090909 0.533100203895
0.25 0.75 129.133333333 0.153333333333 159.0 0.556553792165
0.3 0.25 -91.5666666667 0.533333333333 309.50625 0.737162337928
0.3 0.3 -18.2666666667 0.476666666667 276.251748252 0.687832091142
0.3 0.35 -6.33333333333 0.42 263.484126984 0.657487039885
0.3 0.4 31.5333333333 0.333333333333 223.52 0.63884025085
0.3 0.45 48.9333333333 0.313333333333 211.127659574 0.623807487249
0.3 0.5 70.1666666667 0.276666666667 187.469879518 0.595555174795
0.3 0.55 80.5333333333 0.223333333333 167.044776119 0.570264062472
0.3 0.6 94.6 0.183333333333 161.018181818 0.56320139482
0.3 0.65 99.6333333333 0.143333333333 141.186046512 0.580590496569
0.3 0.7 117.0 0.07 138.714285714 0.546330031226
0.3 0.75 108.6 0.0866666666667 152.230769231 0.524494967353
0.35 0.25 -170.633333333 0.43 350.364341085 0.692733535119
0.35 0.3 -109.5 0.443333333333 324.157894737 0.655069338385
0.35 0.35 -71.7666666667 0.366666666667 280.3 0.651405791616
0.35 0.4 -47.6 0.33 274.272727273 0.609307788919
0.35 0.45 -4.26666666667 0.23 209.130434783 0.620343577312
0.35 0.5 41.2333333333 0.196666666667 198.779661017 0.589128401056
0.35 0.55 43.5333333333 0.143333333333 172.697674419 0.570526717256
0.35 0.6 54.0333333333 0.133333333333 206.425 0.534638796293
0.35 0.65 63.0666666667 0.11 201.545454545 0.526779988092
0.35 0.7 80.9 0.0666666666667 165.0 0.488071996279
0.35 0.75 88.9333333333 0.0433333333333 191.076923077 0.47441960209
0.4 0.25 -281.6 0.376666666667 393.185840708 0.671243274997
0.4 0.3 -271.233333333 0.34 366.656862745 0.663854768277
0.4 0.35 -125.566666667 0.283333333333 294.105882353 0.648574352784
0.4 0.4 -76.2 0.2 291.433333333 0.608699835564
0.4 0.45 -34.0 0.193333333333 243.431034483 0.566033126239
0.4 0.5 6.0 0.14 203.738095238 0.545756111268
0.4 0.55 20.5666666667 0.0933333333333 184.142857143 0.524428156898
0.4 0.6 37.0666666667 0.07 158.476190476 0.502249475684
0.4 0.65 54.1666666667 0.05 185.8 0.478726436877
0.4 0.7 68.1 0.0466666666667 178.714285714 0.447087796531
0.4 0.75 61.2 0.0233333333333 117.571428571 0.443503146739
0.45 0.25 -534.2 0.303333333333 387.450549451 0.687737637307
0.45 0.3 -395.166666667 0.273333333333 406.536585366 0.638937937457
0.45 0.35 -217.066666667 0.213333333333 335.65625 0.603050681818
0.45 0.4 -115.3 0.153333333333 269.826086957 0.568494291524
0.45 0.45 -107.733333333 0.133333333333 266.4 0.526965384686
0.45 0.5 -21.7333333333 0.0833333333333 244.2 0.522616584101
0.45 0.55 -10.6333333333 0.0533333333333 174.8125 0.503919344914
0.45 0.6 6.26666666667 0.0766666666667 197.391304348 0.478446547934
0.45 0.65 26.8666666667 0.0433333333333 146.615384615 0.433808649
0.45 0.7 29.1666666667 0.04 170.75 0.460233111542
0.45 0.75 40.9333333333 0.0266666666667 165.25 0.431725250203
0.5 0.25 -698.7 0.196666666667 474.711864407 0.634016819424
0.5 0.3 -595.933333333 0.17 436.098039216 0.649939478534
0.5 0.35 -299.433333333 0.116666666667 388.228571429 0.583203487291
0.5 0.4 -179.866666667 0.11 280.424242424 0.518415800032
0.5 0.45 -131.033333333 0.0833333333333 291.24 0.523283025437
0.5 0.5 -62.9333333333 0.0633333333333 258.157894737 0.516564913246
0.5 0.55 -36.8 0.05 214.0 0.467557557904
0.5 0.6 -19.8 0.0333333333333 203.7 0.432511015828
0.5 0.65 -2.16666666667 0.0166666666667 162.6 0.457144078875
0.5 0.7 15.3666666667 0.02 190.166666667 0.437141844519
0.5 0.75 21.6 0.01 166.333333333 0.407035056314
