0.110888647968
0.118916097633
0.289379940359
0.0796698405407
0.603328114708
0.301944547133
0.337456906271
0.267732807782
0.554420538455
0.486085525995
0.778634502812
0.282297652908
2.49981940474
1.20216066346
0.285241236799
0.902904323509
0.500888870349
0.58442916448
0.250692749984
1.24986320568
0.576802453578
0.131329063509
0.0752651422209
0.537815577762
0.141853495002
0.113315445696
0.0823268030941
0.306757987202
0.356878482672
0.284403706727
0.613014570634
0.249856335548
1.08029929754
0.621073701422
0.875604188065
0.33918549173
2.42885811643
1.18775586457
1.23036534179
0.572114017185
4.99574900566
2.31288410106
0.666077800028
1.13598600743
2.42850707279
1.03303415704
0.585071244705
0.925832999361
0.450911137447
0.374697612401
0.261120821876
1.00073017838
0.550447501908
0.23489848246
0.146284781734
0.25280875193
0.476244394193
0.196523402345
1.1959689014
0.565209521386
1.175653789
1.2418229286
2.22196053024
0.801078706825
4.85755884945
2.04612989009
2.53423814232
2.4206419531
10.0
4.59694190435
1.94409850541
3.51828508818
2.20407025035
2.18271517612
1.02870464568
4.84227654892
1.85049284877
0.402515430159
0.536882440699
2.49998386171
0.61141457423
0.220115174141
0.390728389787
1.04774176604
0.475890350525
0.383403486998
1.26106487705
0.353799479146
0.844845971523
0.908521042083
4.99999373987
0.65483671491
1.64763420309
2.50735537495
10.0
1.20871125338
0.0
0.0
0.0
0.0
2.38291548531
4.99998947458
2.44569735309
10.0
1.0337930357
2.15515358386
1.11975026064
4.99999999999
0.2843990212
0.58113136394
0.820924166568
2.46035900705
0.147008142036
0.33526470767
0.907816632611
0.570513365893
0.249334272181
2.4990909892
1.01560020047
0.644084896198
0.714134430932
4.99747367301
2.7499975049
2.48459805479
1.26876647303
10.0
2.06664547822
4.62388415195
1.14050373663
3.49999210593
0.865826023492
5.0
0.447434088662
1.29961075385
0.373469309463
2.47021292241
0.176976561163
0.421044128512
0.517120172565
1.16610724508
0.103392241042
0.262384782975
0.524903928059
0.249236762879
0.143663118281
0.835865165769
1.19611747236
0.55623511559
0.413365426933
2.44576330292
1.13699998305
0.911909054901
1.1401712892
4.58449055425
0.703047356325
1.74770285251
0.474870296986
2.49999996395
0.518764906825
0.902698490598
0.27530874544
0.538584921515
0.209821814916
1.094958939
0.096786736028
0.533923915137
0.265029874045
0.500842906993
0.105621628686
0.183573122694
0.285570338546
0.0933943521411
0.259874752686
0.279989065888
0.5960960991
0.201179051794
0.359487994339
1.16694526578
0.492466061804
0.470750962288
0.575882392673
2.09267562429
0.409771061779
1.12367700611
0.56854425147
1.24529757263
0.133382624047
0.773500881836
0.266656288836
0.282611350257
0.0653086541255
0.618797940623
0.141671571716
0.263179561364
0.139288805288
0.0762336306756
