0.0
0.0
0.0
0.0
0.0
0.0
0.0
0.0
0.0
0.0
0.0
0.0
0.0
0.0
0.0
0.0
0.0
0.0
0.0
0.0
0.0
0.0
0.0
0.0
0.0
0.0
0.0
0.0
0.0
0.0
0.0
0.0
0.00302346241475
0.00167029097678
0.00157421963261
0.00180977971362
0.00443861031526
0.00233647350723
0.0026486746655
0.0025107283754
0.00298427094131
0.00305590024569
0.00568303005185
0.00304819225162
0.00610333714292
0.00363728142734
0.00521860771511
0.00519013794388
0.0138575288396
0.00594690232109
0.00647243147943
0.00745849116862
0.0187801868553
0.0114456325224
0.0106744783092
0.0146360860562
0.0287381615797
0.0114810505329
0.0109051593049
0.0118463152737
0.0198867269091
0.0115606347674
0.0094626884234
0.010238772774
0.0193209647362
0.00921070168593
0.00846873087128
0.00892643182354
0.00979598543487
0.00795163259443
0.00734527820204
0.013156713647
0.0123256987736
0.00729310269867
0.00676499833253
0.00802970603382
0.00897495098748
0.00513393571964
0.00295702936539
0.00818668257096
0.00588918586631
0.00282852842442
0.00213195420516
0.00508450323109
0.00357221596682
0.00215679270716
0.00174334342912
0.00413471751766
0.00188439287653
0.00187435069484
0.00072594066827
0.00184812276414
0.00116222133847
0.00107644427421
0.000854616756624
0.0019008741142
0.00159187039099
0.000786826454402
0.000509559975796
0.000887458877888
0.000660016658539
0.000585145758121
0.000406620609898
0.00102171512105
0.000745065415966
0.000488248240152
0.000282886163301
0.000497809540369
0.000505075402387
0.000336956501053
0.000135348126446
0.000296558149043
0.000350156881656
0.000223635137997
0.000119549857209
0.000161463010178
0.000224028693786
0.000169299340914
7.83508992844e-05
0.000152231620566
9.30294477101e-05
9.09463454576e-05
7.53369030277e-05
0.000162319363117
0.000229488527811
0.000146534692306
9.92530964495e-05
0.000112679002336
0.000357459296799
0.000195014824843
0.000202190341769
0.000191872659996
0.000350246007015
0.000227289225273
0.000427285725294
0.000288503540125
0.000706253700804
0.000456325139664
0.00051023919985
0.000420159729496
0.000735878299447
0.000600052562108
0.00115099924685
0.000776109880613
0.00138701549478
0.000769360341113
0.000990009082849
0.000900493811747
0.00145109535867
0.00130473576062
0.00213574493306
0.00125641803319
0.00254074759078
0.00225736766874
0.00313146746787
0.00208564720196
0.00262196008289
0.00313390916133
0.00419916068473
0.00299363501737
0.00825004571139
0.00519018851036
0.0053261498839
0.0043789054589
0.0103937597073
0.00550966534126
0.00624859270677
0.005663822853
0.0141340705938
0.0090337216373
0.0108917028282
0.0072122298352
0.0188216944203
0.00940859847783
0.016161051577
0.0108117607936
0.0233478654201
0.0139457227027
0.0142951420996
0.0156554268314
0.0285836147453
0.0179273236987
0.0165159001758
0.0178192528616
0.0270090420469
0.0150685686701
0.0173489116278
0.0163985376655
0.0179130288727
0.0188030651388
0.0121396504562
0.0140194662907
0.0148088954072
0.0151314997917
0.00919809977958
0.0160803639823
0.0118033901864
0.00941555868992
0.00831722118896
0.0133407591621
0.0102826267475
0.00701031246655
0.00386802620404
0.00906410146581
0.011039642741
0.00579249735365
0.00244494358832
0.00685574400367
0.0032719127326
0.00301936469519
0.00225118102151
0.00728519646313
0.00341432970888
0.00306121150272
0.00148718838583
0.00478180888957
0.00167214773504
0.00140214431743
0.00112435330781
0.00308523950276
0.0023633958262
0.00145232495733
0.000848267610646
0.0011879643673
0.00154125671497
0.000916219010862
0.000612510479074
0.00103158896867
0.00124163937418
0.0005025373702
0.000341609239292
0.00060827996983
0.000608991863607
0.000480296007586
0.00026762952243
0.000464310299473
0.00034512354296
0.000318159314282
0.000136779862198
0.000433115916234
0.000308844452382
0.000166982324507
0.000110347115352
0.000330347857479
0.000158272596929
0.000138878411675
0.00016712581451
0.000242843507091
0.000432810912474
0.000155076528608
0.000195894322835
0.000169133964396
0.000488125446887
0.000237382036614
0.000290543928966
0.000293657404025
0.000647464364367
0.000417097195506
0.000612178253728
0.000466933980228
0.00124708523064
0.00066273607611
0.000833423249845
0.000610000001346
0.00165402246504
0.00106671312281
0.00128063491057
0.000985006032475
0.00249176221164
0.00148488302831
0.00117893477723
0.0013162471407
0.00324310386636
0.00193863988112
0.00172505551444
0.00220601742484
0.00491879105039
0.00221987334073
0.00396184197789
0.00278376808868
0.00487127130828
0.00441930005531
0.00863138104955
0.00399546149551
0.00404615905477
0.00587414553446
0.0102033804862
0.00611884389084
0.0154844423215
0.00740366420855
0.0090011432611
0.00972871221425
0.0163473492595
0.0147355921581
0.0151266963881
0.0127749162636
0.0202314434138
0.0197502550686
0.020620163707
0.0151314654771
0.0323470241445
0.0237099162802
0.0215378731941
0.0192817768109
0.0444587320735
0.0258641731503
0.0241590255958
0.0216582835192
0.026663243032
0.0222565284156
0.0224522790055
0.0360558661922
0.0330341992905
0.0229546571363
0.0192291354539
0.0218802010968
0.0365908039631
0.0161639477807
0.0126667077365
0.0271250753888
0.0207179404341
0.0185670974128
0.00813701700262
0.0184451660784
0.0166655460814
0.00846550203717
0.00650744292834
0.00825984811508
0.0147256267571
0.00754954604409
0.00574251265777
0.0067792439949
0.00693352377396
0.00640193416868
0.00305856179404
0.0107156585452
0.00708002516182
0.00470265005434
0.00268482234392
0.00479070811019
0.00297293455218
0.0028478810649
0.00190528410881
0.00429387495174
0.00319299653822
0.00242222089703
0.00112886259989
0.00258627817783
0.00121549687046
0.00141181466782
0.000706116986309
0.0018380625299
0.00104016679989
0.000834563501969
0.000490966076743
0.00169017567005
0.000868253607008
0.00054353886964
0.000353327558114
0.00121186550985
0.00077419286499
0.000470088335687
0.000292004552214
0.000470798943227
0.000340849645542
0.000352097952792
0.000159642382773
0.000485331695383
0.000346407733858
0.00020185497955
0.000222407845497
0.000226605454993
0.000376860480092
0.000370218244602
0.000454368478452
0.000311223137946
0.000778331749723
0.00048527483897
0.000408655371035
0.000436795109261
0.000823416344837
0.000784518594737
0.000864205223317
0.000711727359301
0.00136704934889
0.000948147502894
0.00131408451038
0.00100539999147
0.00135981800117
0.00150100878587
0.00226593956439
0.0014867026214
0.00325637200614
0.00135006450947
0.00163107915987
0.00259830540274
0.00486852335479
0.00289976154738
0.00313989591502
0.00268902502663
0.00589173994071
0.00460751210251
0.00563711317565
0.00521720628553
0.0104549756107
0.00513833579404
0.00783909164811
0.00605785965036
0.0134125878722
0.00889573766236
0.00915720762362
0.00552000955537
0.0251064936511
0.0110327686531
0.0115141868643
0.0124072942711
0.0159671450371
0.0142378417233
0.0360281877742
0.0129493738653
0.0468770090681
0.0265264080961
0.0394567837642
0.026863146315
0.0642962348507
0.0144997743784
0.0407427096919
0.0225527765471
0.0913770333465
0.0670850068005
0.0755640346717
0.0399301345393
0.0968961176882
0.0734404485396
0.0292344573682
0.0581326328952
0.0631498280231
0.0256424604592
0.0306724778784
0.0638611857674
0.0492733504955
0.0304072863617
0.0245093930405
0.0275495897618
0.0228034969991
0.0199305375249
0.00970402199162
0.0351016491271
0.0262610989062
0.0173790528473
0.0110571265491
0.0142231209437
0.021183399705
0.00959017782945
0.0047150329407
0.0127137162352
0.00727060300989
0.00724175639543
0.00638522324097
0.0152078052415
0.00740883792503
0.0070977917366
0.0021535938445
0.0092782155947
0.00447040347542
0.0047393310076
0.00264713905629
0.00755852942099
0.00291857828174
0.00309671098517
0.00175030128723
0.00497437813496
0.00229612323334
0.00211059570797
0.0011129353814
0.00327217489116
0.00171184374634
0.00172525964497
0.00074274713314
0.00223832190749
0.000911688956041
0.000943827759162
0.000491369332042
0.00159040078204
0.00060460117082
0.000529257772893
0.000297968255285
0.000929333284503
0.000860921142066
0.000293139448885
0.000272327802626
0.000343314215137
0.00038729493069
0.000335864366911
0.000287455686811
0.000607878399337
0.000374701669233
0.000506551677803
0.000798781926928
0.000344450511129
0.00114710556527
0.000511337828626
0.000639176302357
0.000553344582073
0.0012284737703
0.0009080239649
0.00175817684878
0.00069098418144
0.00131749088571
0.00132237288809
0.00201925171051
0.00143479592034
0.00262918687974
0.00209658598578
0.00371159680489
0.00186950769481
0.00656679680016
0.00362261304085
0.00414247047362
0.0036692929996
0.00789855526694
0.00319231788281
0.00602986901343
0.00382642637492
0.00394148297506
0.00469203748395
0.00972551176572
0.00537750963144
0.0138070304104
0.0087535847399
0.0116128784895
0.00979125090958
0.0254981596733
0.0153624288867
0.0157287723031
0.0156060454294
0.0357604661022
0.0229456934584
0.0210863132235
0.0227862198082
0.0426191350572
0.0329392324535
0.0454775008549
0.0297120312068
0.0654454405978
0.0287226929937
0.0324674724866
0.0387332506251
0.089781821653
0.0404213260618
0.0637722905401
0.0488520230387
0.106256587877
0.0702369590068
0.0444834535851
0.0625823350445
0.160586445237
0.0578668751259
0.059696275281
0.0444219897437
0.105468936447
0.055012982725
0.0422298057931
0.140626071908
0.0551150540596
0.0517893847194
0.0318420486529
0.0970229622433
0.0676631215277
0.0339831074593
0.0215326398453
0.0320272654166
0.0279324873824
0.0223181042769
0.0141745106844
0.039588394494
0.0170969649018
0.0134718353134
0.0125891613506
0.0216587744681
0.0220274480929
0.0133438366114
0.0079850671474
0.0153912188129
0.0104993085377
0.00980324576905
0.00461357595222
0.0132266898816
0.00723748987299
0.00658817050173
0.00298065960806
0.00969822759679
0.00535137396386
0.00322076947102
0.00269055924807
0.00381144204214
0.00443293240922
0.00286217369439
0.00147703478768
0.00400904425312
0.00330400670633
0.00216717368175
0.00123146912314
0.00275296875228
0.00114706753808
0.00119604720906
0.000569687549954
0.00170543649903
0.000959183792744
0.000976644375417
0.000702349211741
0.00147876100589
0.00105398676009
0.000356790115386
0.000378335879516
0.000633313162369
0.000594026460837
0.000469868813933
0.000449223142261
0.000509874490245
0.000608866555904
0.00054205722782
0.00100963515275
0.000626978407959
0.000699740798443
0.000742097715436
0.00151918389148
0.000873836723956
0.00188169348292
0.00116445129826
0.00124956995524
0.000955955380094
0.00371367320457
0.00254538874183
0.0031632009478
0.00241685114033
0.00518426674501
0.00337961475006
0.00488875152588
0.00322187787156
0.00421434895686
0.00375733474476
0.00713030495665
0.00359865382906
0.00539245117158
0.00458984448448
0.00786344864169
0.00606788381268
0.0120996359357
0.0103064133561
0.0175731090964
0.00792171975405
0.0142964579693
0.0113391694138
0.0192609647744
0.0146345997902
0.0317002191437
0.0194516739394
0.0187549141105
0.0214391352192
0.0470883304876
0.0315162575798
0.0531668804887
0.030146307854
0.0420690826944
0.0325405639762
0.0655453265457
0.0339110032811
0.0950479607566
0.0455664265033
0.063538116049
0.0545452710828
0.0894571634146
0.0311395535688
0.139825421737
0.0671608730383
0.16008806961
0.107528565879
0.0714094401282
0.0929430998023
0.222918210947
0.102895424591
0.0849642448421
0.110034773818
0.114592478169
0.0926012397943
0.0733746014797
0.158199739743
0.101891348396
0.0831112653977
0.0439277797843
0.0952009230056
0.0606700356227
0.0567180074495
0.0296201978062
0.0755580491294
0.0464844062626
0.0303819684574
0.023804168417
0.0556209295958
0.048052879261
0.0200522154594
0.0152688665043
0.0247481730002
0.0341008739973
0.0198352435094
0.0093231449094
0.0270136489921
0.0245845444011
0.0117526033126
0.00735698330444
0.0109867894388
0.0131129633806
0.00746301097207
0.00723637293806
0.00860277461625
0.00966817562379
0.00542439355214
0.00299970505945
0.00907067552427
0.00397321463943
0.00304702360007
0.00230461306148
0.00665896163392
0.00318604733882
0.00303915518178
0.00189468794831
0.00495921168414
0.00197332209426
0.00222135648254
0.00113951781583
0.00350117025525
0.00137297485749
0.00144095384707
0.000706220308233
0.00212027601278
0.00101401962783
0.000883687768928
0.000545297022257
0.00130462247638
0.000611068904694
0.000443378591113
0.000588105484731
0.000986963142163
0.00119973055311
0.00117107979466
0.00177575392216
0.00116885082324
0.00212924098561
0.00164397646871
0.00179096948477
0.00149959022776
0.00177253425567
0.00154139105896
0.00298910414285
0.00134639490191
0.00517618233213
0.00315039024427
0.00330022547557
0.00301844175211
0.0057039802416
0.00334924313227
0.00678235183559
0.00313090179305
0.00981491137594
0.00692266951445
0.0078620805601
0.00669187698591
0.00780154042187
0.00730179028642
0.0136306582144
0.00772444203143
0.0136536904393
0.0151150188303
0.0206530665261
0.0156957138252
0.0229893940089
0.0138938355181
0.0346734701539
0.0214500502672
0.0448155760563
0.0248951967446
0.0291652954492
0.0233015142761
0.070248259627
0.0427259071368
0.0577829983917
0.0338320328515
0.0709788434333
0.0796103481656
0.102888672273
0.0686294179413
0.142644214847
0.0700083004766
0.0801338260279
0.078692649995
0.167490389127
0.0799961266096
0.19340424833
0.100224899643
0.242930499438
0.172975727459
0.132524365344
0.156381218618
0.282905497857
0.150847448767
0.100819991583
0.149539489992
0.0971180480231
0.105631697147
0.0976851678961
0.230460643516
0.194775275869
0.0939704221867
0.0591045672228
0.106256294336
0.106377381145
0.095488167252
0.0492245996262
0.082793228802
0.0625771825688
0.0493259975343
0.0353801296756
0.0989568726273
0.081279430386
0.0451301026146
0.0253522218135
0.0543152513501
0.0309032688328
0.0322158388004
0.0161942022444
0.052371254313
0.0322911830356
0.0205385115093
0.00913667484119
0.0272027566512
0.0249296894417
0.0144914642964
0.00868025645837
0.0122535101768
0.0159399183539
0.00779963749152
0.00469887891348
0.0137199343892
0.0076358872042
0.00695526194089
0.00329177161616
0.0111076626861
0.00716173011306
0.00387646486921
0.002374650129
0.00511775930987
0.00524626854008
0.00266528118302
0.00208782873199
0.00418206399374
0.00283474401212
0.00237542767252
0.0011321189462
0.00304723005581
0.00176712064361
0.0015135653983
0.000600596370407
0.00125220594838
0.00150803409975
0.000688460893744
0.00093148131207
0.000844237869804
0.00134427483125
0.000931942779468
0.00118889615353
0.000922689693211
0.00352021041142
0.00190890079781
0.00252525464774
0.00223709695245
0.00336641905461
0.00287604664572
0.00405680347505
0.00334022796024
0.00417062542308
0.00472842269487
0.00734822614902
0.00455493876944
0.00792227852887
0.00568429696592
0.00506067547862
0.00652443029637
0.0155561445795
0.00893182748669
0.00993080893561
0.00844095258511
0.0220405742329
0.0128069477948
0.0171837093298
0.0105568463965
0.029773820811
0.0233957431998
0.0351050329613
0.0268765058461
0.0345927917172
0.0371834018237
0.0581564290003
0.0343597927955
0.063428013045
0.0358601750168
0.0293287120983
0.0295044570284
0.105223132467
0.0467706454868
0.0536361292829
0.0483437341632
0.105430094007
0.0884552101618
0.105148799714
0.110179264206
0.202189524843
0.126492186187
0.158462359343
0.0965692938654
0.292405991013
0.187264503285
0.2301340712
0.138588403478
0.321049584084
0.231348627266
0.182933787084
0.196577024943
0.228587986916
0.193131311083
0.220738642752
0.234799352679
0.312606554532
0.21293854092
0.148082858542
0.211122192795
0.304647905717
0.153232331514
0.10737540957
0.181284546284
0.136046363658
0.102192730736
0.0820822953922
0.199361720507
0.0849191129884
0.0810055452226
0.0549277030524
0.138712765082
0.0822247283769
0.0537624408611
0.0302535761082
0.0991035824138
0.0594592513291
0.0449327006921
0.0202553804312
0.0674852531628
0.0442164272211
0.0208988221215
0.0198587484299
0.035579156963
0.0201904072948
0.0242074767387
0.0103470821406
0.0273906524237
0.0126396533803
0.0104968299466
0.00709404004533
0.0212402157749
0.0091290318787
0.00967546453751
0.00518516350719
0.0153742019205
0.00551768943765
0.00605006196664
0.002954688049
0.0108835874941
0.00394550226155
0.00365670407699
0.00274506332461
0.00737811713633
0.00364532613312
0.0027233020287
0.00128654389977
0.00418996241964
0.00286673232702
0.00158062636758
0.00101115201613
0.00150917856653
0.00175967488244
0.00107255903951
0.00113147489817
0.00119012521953
0.00284120792733
0.00231091125816
0.00176641397198
0.00225978824242
0.00263433185905
0.00204503674355
0.00432119320059
0.00201446869661
0.00656065686789
0.002751140579
0.00316844655684
0.00391863372416
0.00865528428359
0.00504317774371
0.0107799676123
0.0065166871787
0.0170705223008
0.00754594029535
0.0134612741587
0.0106994035282
0.0215722869294
0.0163881913851
0.0195815766046
0.0151868117604
0.0315158139217
0.0179418496949
0.0217461562874
0.0164296314679
0.0464317960053
0.0310302075072
0.0263610604334
0.0258046901482
0.0497162604539
0.0327181705556
0.0674128702163
0.0459434203631
0.114922451095
0.0463898700968
0.0579409938102
0.043131616132
0.155731521298
0.100715413595
0.092182935367
0.0965342829682
0.132619670841
0.113570739599
0.165459572162
0.124869873979
0.195145375965
0.130284054495
0.290050772249
0.159262520459
0.360844915327
0.177454890319
0.393075483712
0.223132555677
0.441427049002
0.372107950579
0.390013492917
0.203212287926
0.348900661054
0.303483062825
0.476229398361
0.372853548198
0.474949912585
0.249086027166
0.211974919361
0.289881349714
0.427286720618
0.263370142055
0.144485420595
0.378074040083
0.202993978555
0.214711047101
0.0873523040362
0.257369253973
0.231584290858
0.135711696399
0.0862091211563
0.181319239657
0.127350549745
0.0923625715872
0.0467369372798
0.103633838158
0.0916760450325
0.0690368109308
0.0300944106975
0.0938295768154
0.0475312746384
0.0364031577833
0.0287764430532
0.0704521836828
0.03329597032
0.0325306354975
0.016865322371
0.0443731316521
0.0189117658624
0.0174631951247
0.00980708735489
0.0296686618947
0.0195018663755
0.00869676442051
0.00627465034109
0.0124698495035
0.0133634827547
0.00906773521834
0.00528275314521
0.00765581667338
0.00493406089624
0.00572597506433
0.00322676902435
0.00958023768797
0.00380158192459
0.00443004999158
0.0021361616783
0.00649218543933
0.00353357168863
0.00322063346084
0.00178696499395
0.00424756624981
0.0026219576136
0.0017617909798
0.0016587544418
0.00197391765282
0.00409457088865
0.00345282114617
0.00495222436092
0.00343696020547
0.00617325222971
0.00418124322921
0.00430276818234
0.00316470807676
0.00962477843596
0.00505733580849
0.00567522800996
0.00561242032401
0.0163842895336
0.00888493192377
0.0157155802854
0.00983571739793
0.0108193471402
0.0144623007394
0.0180518227067
0.0144712239847
0.0209698858396
0.0179950746956
0.0336068069731
0.0219265387343
0.0392503792349
0.0303200167435
0.0544970343572
0.0338600151339
0.0632240914756
0.0439320715177
0.0410279361796
0.0364295090208
0.0529442853536
0.0488561057944
0.104305906575
0.0581931276207
0.145661730018
0.104636556658
0.14321338897
0.0971167057664
0.136820983635
0.115398669315
0.209856038422
0.103192778556
0.217983317737
0.179289857035
0.29684397177
0.193476505744
0.293683692402
0.196477495537
0.24788228642
0.197306363995
0.67457217312
0.247493069979
0.386521422673
0.269491921172
1.0694984831
0.621860667919
0.452621228775
0.481109986867
1.03972868951
0.593117439557
0.3879584985
0.508789007881
0.960622839678
0.480703974438
0.278215330866
0.583786129003
0.694214562002
0.345726898996
0.278863924924
0.49205711116
0.208629853549
0.144023723726
0.170360331541
0.446930729453
0.346549451167
0.184621539107
0.123257260614
0.193987822847
0.20328287911
0.148122856653
0.0714733537824
0.136818743056
0.135446681877
0.0985215812196
0.0547033398036
0.140046298116
0.112386528637
0.0711501532183
0.0384551814623
0.0706569556479
0.0482806536095
0.047859796369
0.0255554353999
0.0630806230277
0.0492281435099
0.0228142717942
0.014740847878
0.0256166648234
0.0257834553445
0.0204001447291
0.0121570295565
0.033846548197
0.0142555866997
0.00997698560215
0.00736265884944
0.0147868144233
0.00849556159196
0.00762443183159
0.00497349243064
0.013495662296
0.00498782797518
0.00510086042414
0.00323707067124
0.00799686797143
0.00380890027041
0.0031849725779
0.00214387335835
0.00532549173197
0.00284864277572
0.0024018763391
0.00257570488274
0.00392572891265
0.00558678436125
0.00418915505595
0.00492406734161
0.00390516526481
0.00691109959238
0.00655893185488
0.0097410381995
0.00698197890567
0.0148594103375
0.00843581703532
0.00774787544997
0.00692984974507
0.0142047280316
0.0148757235368
0.0167346865336
0.0111297990029
0.0309106037655
0.0186183771396
0.0185288728342
0.0191675895437
0.0262195574404
0.0276538023179
0.042713464291
0.0296257009811
0.0768118988685
0.0532719878684
0.0444319193785
0.0484702709388
0.0612043370949
0.0628542801015
0.11709900973
0.064309749768
0.101235465259
0.0900841065346
0.150350254406
0.0971253904266
0.195412920981
0.155709607902
0.26516487509
0.108240644091
0.223520712397
0.216680356008
0.313488310543
0.206309451572
0.364029172201
0.202372970838
0.467406989516
0.290880954035
0.740620405601
0.289975783361
0.350629236844
0.30901925489
0.711624340069
0.440087652949
0.936231842559
0.419613482694
1.65360220019
0.574936188258
0.839002458468
0.669454804108
1.02369043008
0.609527172031
0.75634006289
0.643614600353
1.37777351159
0.628810072211
0.496781395879
0.759905894514
0.468569267106
0.575951438174
0.334671108045
0.908567355435
0.397627123961
0.492966557943
0.221323728153
0.482600250738
0.336745172103
0.292081992726
0.167745514154
0.486962100068
0.26470391319
0.221368414329
0.0992328273414
0.362583885975
0.165790796951
0.153841514394
0.0687723817108
0.171130400555
0.0889975119012
0.08468626788
0.0506048048322
0.17720381399
0.0994860265581
0.0592656689275
0.0414005243247
0.0618925514439
0.0797498726115
0.0473906522346
0.0252991707503
0.0444033759946
0.0333826540953
0.0312956790921
0.016446130431
0.0534196134173
0.0199538115089
0.0210128394507
0.0127531606699
0.0313118305591
0.0245003374898
0.0147899355657
0.00764042196294
0.0184390074976
0.00902342615349
0.00982471275597
0.00468928310822
0.0162385170012
0.00766087334365
0.00501398108189
0.00319159834109
0.00547060322537
0.00394704356689
0.00370118615116
0.00285245930149
0.00617976739106
0.00502237056949
0.00465280112877
0.0104130257915
0.00608235057758
0.0112642204521
0.00963312521475
0.0124985084128
0.00919385592967
0.0179385130235
0.00990320789314
0.0112322201955
0.0128949040241
0.029531162107
0.0173353665
0.0225093428635
0.0180753661768
0.0209845777877
0.0250003866541
0.0435249536963
0.0274423680467
0.065832640381
0.0344731596021
0.0414412292537
0.0424008604679
0.0797917563386
0.0671088780012
0.0621712114981
0.0591754051404
0.118653516165
0.0846233247068
0.119020370731
0.0932727423345
0.18904920111
0.150752222148
0.231987133235
0.159652752433
0.210366766557
0.17968835477
0.35044298646
0.224853779593
0.434668337756
0.322398474759
0.296874755054
0.316366259519
0.443793968727
0.380869528195
0.387369989536
0.337821179407
1.07369114813
0.434114037055
0.47460897474
0.517213938985
1.57608788812
0.975669628368
1.06349987371
0.653102582024
2.20573283579
1.24659190646
0.963977959575
0.966758206092
2.93266904238
1.61466409653
0.892324646948
1.52909088263
2.33971307355
1.01141730932
0.978644763447
1.64227918959
1.18219391001
1.04677501499
0.613919992275
1.60043846831
1.00752208633
0.587684219855
0.227877347033
0.583080605123
0.533574994728
0.337220314419
0.285058131986
0.449281287954
0.222898926666
0.281379276481
0.192748390759
0.472855270128
0.230711252886
0.207058086603
0.128016164856
0.301303472368
0.197209901863
0.114664381604
0.0899204730673
0.164228023027
0.107547966872
0.0877991546978
0.0555792358384
0.118373821105
0.0991236272552
0.0678383897871
0.0305956698957
0.0739853573529
0.0565392479638
0.039563554839
0.0251883961454
0.0637686549625
0.0282805434314
0.0266968367311
0.0141129518721
0.0391384479219
0.0265592215922
0.0176366220618
0.0101134652065
0.0254691911439
0.0202865237619
0.0133202284196
0.00627110106464
0.0116452413458
0.0148248940329
0.00642424710281
0.00437800096406
0.00725019059508
0.00670177493525
0.00614229771172
0.00621960008426
0.00817895073407
0.00702814901042
0.00667439266115
0.00987163430564
0.00925332963199
0.0175920870716
0.0139060254378
0.023285174305
0.00840008160149
0.024301444476
0.0168199986079
0.0317763759141
0.0148618318668
0.0271098027362
0.0195503715395
0.0488690337828
0.0257248569444
0.0458468683105
0.0368551950612
0.0690507901158
0.0476330354033
0.0508947025293
0.063624935328
0.0650276558346
0.0423448432858
0.115272927181
0.0557265561219
0.0717307587394
0.059734188324
0.138105010434
0.0899519781264
0.19939200007
0.0826880493713
0.207072843742
0.160820548145
0.311210183723
0.148952108159
0.282520931514
0.234905712856
0.485436436036
0.172131328197
0.415300900859
0.34701933416
0.669825268964
0.268415263256
0.700292056622
0.401497568913
1.0183862792
0.35288417293
0.710091006253
0.525372015598
1.51441807742
0.632453450044
1.83614907204
1.27140657024
1.14971653721
1.05351903686
3.28119277677
1.52446150391
1.51607960174
1.15283678906
4.2858908876
2.05564986462
1.74905879409
1.51247781759
3.04126978186
0.973235827365
1.46067157543
1.90070972149
2.16128242935
1.09412955005
0.978827791779
1.6988440284
1.6066376614
0.778924319431
0.644090667279
1.34636261012
1.02295856846
0.462123561352
0.463450355715
0.655052204711
0.374875544176
0.290514595119
0.305962377139
0.702963759551
0.305491059161
0.17963094836
0.216420972892
0.477023741254
0.209492492384
0.18640691789
0.125816154179
0.27799381449
0.226810027822
0.0870382945575
0.0633305833915
0.133528744135
0.0838173671767
0.0644641040435
0.0524260762709
0.151573488197
0.0461641796327
0.0630467476857
0.0363138312684
0.0959610862822
0.0534987740768
0.0304265800401
0.0308115781099
0.0347060467923
0.0314839583806
0.0266230384848
0.0137881969131
0.0387600856405
0.0136151738071
0.0149068954509
0.00822061460305
0.0205058752549
0.0117689904009
0.00771380867396
0.00551082039684
0.0119695606096
0.00765415952936
0.00585833719053
0.00720772257449
0.0115563657784
0.0136624259781
0.00986447397795
0.0189800334388
0.0106401185341
0.0191069202277
0.0178687605643
0.026930194251
0.0125010767295
0.0212849712052
0.022748976206
0.0456516582081
0.0206342901863
0.043912843843
0.0283079248038
0.057347947158
0.0314933503337
0.0438135352757
0.0487127317844
0.0863822180541
0.0470474789673
0.0734135643102
0.0693387206815
0.104843774742
0.0479579297664
0.122462984646
0.0841782458182
0.207223264704
0.0550964312327
0.26154827043
0.126767394249
0.230447624565
0.133178499613
0.395413261191
0.205324023462
0.450108023851
0.19901479429
0.634721277592
0.343479277519
0.39401066742
0.225373725237
0.561416880087
0.43643562852
0.895568126961
0.361385264531
0.909570711564
0.662345126737
1.41555992111
0.523688972982
1.90283856533
0.900920311403
1.12788530332
0.974604047815
3.24847375649
1.82290490618
2.08117075212
1.55566104335
4.89926484036
1.66911231537
2.13387239829
2.47227212212
6.99999999971
2.58403218882
3.11615457011
3.42461701489
2.84597932409
2.25650673448
2.06899651638
4.20169335729
2.20389853842
1.68963794065
1.538384906
3.05674500713
2.22775232477
1.26713587614
1.00997116149
2.01250691425
0.884094813881
0.707729192619
0.650070656684
1.60923542823
1.01647115789
0.478698861916
0.397549781736
0.575440006341
0.396179198447
0.323448612404
0.208044226144
0.640924629799
0.426863053458
0.173546211942
0.228211426488
0.230783994342
0.210774934914
0.160371613672
0.12049681314
0.28788169189
0.0968453653439
0.0899334772662
0.0678273588353
0.223771550097
0.0949630309191
0.0533141165076
0.0450985868829
0.126455845778
0.0498451896448
0.0399048300455
0.0340804892541
0.0531516641733
0.0515113903857
0.0242764606549
0.0220948471563
0.0335341228797
0.0419007428826
0.0183855339705
0.0172547115523
0.0185951710537
0.0182779523249
0.0125819821232
0.00936270729208
0.0209012558946
0.008263356212
0.0105832325055
0.00874340703756
0.0184992665714
0.0101663235415
0.013509702615
0.0114152866851
0.0100836099317
0.0129879587621
0.0170764739864
0.0309840565873
0.0101572670707
0.0231800078966
0.0283957312112
0.0475176213116
0.0287154666137
0.0395689434952
0.0327306199595
0.0835105038558
0.0295814379099
0.0668895550699
0.0565261368104
0.0714596503291
0.0465300372879
0.0934590968257
0.0762372762275
0.154083493157
0.0763056966408
0.120747421201
0.121369978917
0.269252881436
0.126936572309
0.214792118439
0.187975168888
0.470122045187
0.128630694348
0.356416811845
0.370998719385
0.588518330144
0.224546613944
0.483982144801
0.679331773662
0.998522726177
0.345036093221
0.917085380807
0.922745685799
1.49935978737
0.674104210879
0.912398478664
0.982314264823
1.87997001992
0.861942306743
2.7498268974
1.39144436093
2.42879274885
1.48663904184
2.83645707977
2.56016200762
4.74165565691
2.09666673595
6.47313800828
3.25151768434
2.24646984321
3.20882222989
10.0
6.99119112717
4.24934303278
6.4805547896
7.0
4.30826200539
2.2319457502
4.65960390936
4.51158498904
2.95466989592
1.87121429982
4.89999994974
1.39269008668
1.743300199
1.41801247975
3.2512683909
1.09003331931
1.40650689785
0.47063711772
2.03117596567
0.541086896344
0.979217711127
0.464399135191
1.47809688409
0.456710075908
0.470227595301
0.405034206706
1.12828307425
0.289484974995
0.263261630183
0.224105877724
0.740119723124
0.213848457928
0.207620148713
0.100123638525
0.282325567574
0.102267151502
0.0862157593279
0.066433564607
0.0865912110728
0.0944848086703
0.0760977404318
0.0638189855675
0.0990851119746
0.0559046948855
0.0502440767115
0.0545214997672
0.0779325955808
0.0283811985016
0.0304067074074
0.0250111030945
0.0570800387478
0.0260026182404
0.0273658241692
0.0211952570524
0.0417546167295
0.0161236106269
0.0183707413247
0.0155132609183
0.0291649853176
0.0121687865452
0.01299779424
0.00963104646857
0.0242802833176
0.0112753032209
0.00939102919095
0.0113399438908
0.0113789818245
0.0124670582429
0.0216343043127
0.0562116443292
0.00997585560676
0.023947500074
0.0283042595537
0.077488882953
0.0270824031451
0.0612214959363
0.0679473205176
0.136087561208
0.0415524126428
0.0559316258106
0.0844017998498
0.165444755855
0.0607408905341
0.123245875924
0.136190132377
0.300581389143
0.116464203576
0.169134365194
0.27323514898
0.358663348911
0.0979102433448
0.234701044308
0.365092892624
0.51527124704
0.25651892356
0.376370335147
0.659230060819
0.932024866762
0.396941911373
0.557232000018
0.665297131086
1.11203747898
0.629380258147
0.841442180603
0.785517852493
1.9750858045
0.791312277802
0.901442179193
1.90946501226
3.31770623737
1.07636200798
2.22874938899
2.26380179795
4.87924532584
2.16493489186
2.86607671376
4.18315433817
6.49049068345
2.82510272253
3.42356580512
6.9991604851
10.0
6.71683679033
0.0
0.0
0.0
0.0
4.89613091489
6.99999864709
3.03705091561
10.0
3.29168883636
3.17665365796
1.7968460689
6.98709736897
2.20693556397
2.81052082244
1.27037467948
4.83225845539
1.46863772969
1.32485486566
0.95262433718
3.12110627955
1.01150831592
1.31652710955
0.852351579537
1.90133343926
0.396098551606
0.575435484176
0.617675714658
1.1788464172
0.393825243066
0.585221508509
0.281027562266
0.885563264613
0.283594133641
0.225238719192
0.196559979809
0.585948101036
0.143351707782
0.170394506379
0.207886624792
0.250849372834
0.0683762134252
0.130571753405
0.0934430317019
0.268129020295
0.0477900361806
0.0577592401673
0.0411837048277
0.216635075705
0.0426676142482
0.0394767871584
0.0374310851357
0.0649131595326
0.0188728507824
0.0283184383893
0.0336503577635
0.0476335769344
0.0137510717179
0.0161678012588
0.0166340117319
0.0232214756078
0.00918652676021
0.013819419143
0.0104092491556
0.0334542594148
0.00912697315192
0.0107431788483
0.0233119159169
0.0151933538365
0.0116924330508
0.016634955762
0.0209151528582
0.0150356662079
0.0192010304167
0.0417038623353
0.024334437078
0.0164055382112
0.0311876610456
0.0854006626537
0.054462154928
0.0301229011396
0.0375471551611
0.0443707778745
0.0777790617871
0.0540245056888
0.0823251430978
0.16038069805
0.229128041547
0.0768341060226
0.103654943734
0.283036366989
0.27286262189
0.129577711913
0.13305661203
0.248861111897
0.469522064845
0.201278771096
0.241664555831
0.401792451779
0.720996223316
0.31631955186
0.342166155293
0.783123719189
0.93884995913
0.457868014328
0.500786932367
1.48004601087
0.973284010311
0.796561653245
0.725870907516
2.29913371161
1.92157351117
0.968167447325
1.3934884183
1.44207912095
3.19952642247
1.55058103367
1.68526172099
2.81973524929
4.89599745675
2.26010471914
2.14625483969
6.99993468121
3.97802327255
4.07090683392
3.24168882106
10.0
4.65259699437
6.99990021477
3.21528136291
4.82357777075
2.84181918822
6.99917407391
2.28318333357
4.62515773183
1.88201386226
3.20720392129
1.07283189829
3.22101651233
1.4615194768
2.06287685635
0.763927901734
0.886062014574
0.855978146375
2.33178371404
0.725636725101
1.58996612141
0.490354119584
0.877615123965
0.26336567797
0.626063978671
0.457022859083
0.938068562319
0.227345124035
0.536656410501
0.288112260772
0.739595960108
0.154329917457
0.236023762861
0.15847206634
0.432992897011
0.122098089939
0.24205454349
0.100671006359
0.140908775608
0.0642617519377
0.193910116708
0.0586025768337
0.190869606138
0.0505910762593
0.148983723688
0.0484902653077
0.0501574360675
0.0413594418896
0.0349241523218
0.0254867031848
0.0827395296464
0.0181516031425
0.0212719898206
0.0176485908815
0.0320732585235
0.0163515017802
0.0180625176001
0.012431815338
0.0247244716602
0.0073762450341
0.0121937824864
0.00800070066012
0.0201541871514
0.00591802369899
0.0153311795321
0.0104897311904
0.00930973018401
0.00881576883918
0.0209684023486
0.023265052888
0.0140913976959
0.0119065522
0.029629016319
0.0338446746302
0.0121385422262
0.0192404688904
0.0329820706572
0.0771229947447
0.0167630847715
0.0403414264371
0.0721769577729
0.11455156015
0.0396377786215
0.0352904064928
0.0747173095024
0.10503854492
0.0567110623129
0.0888266660011
0.0935667675291
0.2208503977
0.0905880970258
0.110447302759
0.172259059311
0.317872769978
0.151419559117
0.17654828514
0.30882609778
0.399696671542
0.174425339845
0.189277594719
0.509600367455
0.547402179078
0.292417750241
0.320561095723
0.633540972407
0.889865571491
0.303597435798
0.597974436245
1.48616352048
0.917794540263
0.74180530843
0.928319196504
1.73694146868
1.70559295378
0.93344487963
1.51701229018
3.39807154909
2.51588692831
1.41334068192
1.81744094973
3.14683834225
4.84312684595
3.29242488133
1.95463068707
6.9982339268
3.30544917749
3.41036368888
1.63049693459
3.08263585955
1.89486330289
4.89976942759
1.21556254128
2.07046328288
1.08459324617
2.98870098199
0.814318464306
1.2173306395
0.818689191793
2.37158981728
0.402154168318
1.095560228
0.613200417071
1.61980811049
0.368442220612
0.573867921107
0.479882990927
1.10107372907
0.266862225266
0.446219996799
0.26934874738
0.704031685192
0.230955603578
0.307364893968
0.149925036054
0.279814883614
0.153719336636
0.197652475787
0.122050625172
0.160087006719
0.0820845979214
0.13581475113
0.071114995269
0.200835119403
0.0522418938486
0.137545415848
0.0672968382422
0.0768706311863
0.0383599933597
0.0732899844061
0.033075126891
0.0948797273464
0.0164440104143
0.0338036217766
0.0206662563672
0.0698528604706
0.0153881486781
0.0223906429847
0.0150220266231
0.0330113874221
0.0101839346367
0.0167683319468
0.0126267767719
0.0119549577098
0.00461005400804
0.00845259020043
0.00765835953179
0.0178174450071
0.00344298565012
0.00745273563681
0.0080141451243
0.00693422316855
0.00702288009064
0.0102003181363
0.0217805653541
0.00738865111824
0.012260644276
0.0170207026082
0.0273410072023
0.0159665378523
0.00934007460022
0.0485945476988
0.0242374229398
0.0185419471347
0.0280279233611
0.0455419167466
0.0713835062908
0.0328013299652
0.0292774590381
0.0460146623309
0.086679297651
0.0465220340466
0.0543970658087
0.142903107521
0.130894858854
0.0490182960429
0.0846809645254
0.230499312184
0.127994298685
0.0872161974303
0.10034356394
0.309756014084
0.269066701649
0.125278999137
0.189254690376
0.37367572217
0.300324901465
0.255573573395
0.213357799612
0.637681287542
0.436149196601
0.26384230695
0.322859351502
0.832368108992
0.762524206551
0.463515894354
0.538767280574
0.764728636068
1.45805446366
0.712601849313
0.843147054554
1.20645840069
2.26105045792
1.05195555698
1.05128363825
2.60927976947
1.93358678437
1.69174610751
1.83228995035
4.88701935492
2.04773183778
2.48205548013
1.52765818498
3.33637850408
1.2476720511
2.65617376898
1.05246748716
1.4730913132
0.989497724276
2.03225641567
0.371788794029
1.62615425932
0.562065092666
1.13789175972
0.297674567958
0.535586295783
0.463757103287
1.02359666644
0.240950846453
0.758235332368
0.258722504605
0.60648016354
0.174165845126
0.321971691077
0.19556424449
0.45600157358
0.126478511175
0.289214584489
0.111888365003
0.218662279782
0.101482325284
0.217149643613
0.0836835428094
0.139031617069
0.0646353606266
0.138428856424
0.0435633767668
0.0911444322468
0.0380183234557
0.0586399649514
0.0309663233313
0.0981418247733
0.0254176043898
0.0559275618498
0.0271617881596
0.0397478245311
0.0143588333684
0.0317698485445
0.0221401644655
0.0449024427964
0.00845638310298
0.0137588156032
0.0113799457831
0.0310778480966
0.00564161796913
0.0104666077074
0.00964973486491
0.0207325693607
0.00413800313133
0.00582708722343
0.00525901861813
0.0107748277347
0.00279204505729
0.00418576470966
0.00810217405177
0.00396474927997
0.00437036427479
0.0131492886286
0.00999009325945
0.00469899950742
0.00773963019797
0.0147233043347
0.0131851062132
0.00604427634759
0.0118900059121
0.0262395598651
0.0339267528172
0.0163872961462
0.0145608084232
0.0497635772218
0.0263234216351
0.0231289211476
0.0199336421463
0.0569090800238
0.0323763142824
0.0404493035157
0.0455429506379
0.0583639379505
0.100225958338
0.0425758558304
0.0546376387264
0.143304518895
0.0831661011211
0.0792550481765
0.0769136491819
0.104861477423
0.246624071137
0.130250575329
0.137022134942
0.289274548519
0.227287942069
0.186467679642
0.171383313477
0.474701684468
0.34120530464
0.188139261069
0.342151894235
0.66361472205
0.48271351523
0.297461148126
0.409390381486
0.606177883269
0.976239545246
0.498048303241
0.424901372996
1.56910473173
1.13331194276
0.691387987593
0.462515726525
2.19917457758
1.34510732508
1.07317048482
0.899951846372
3.38695220458
1.62347400706
1.59581577843
0.929008643323
2.3965025961
0.830989062808
1.30639935267
0.599409173556
0.833614963917
0.463499228329
1.67680894084
0.51748429922
0.59025794385
0.394253740471
1.17385161666
0.324725666007
0.527880072657
0.258448594201
0.702035375109
0.200906642442
0.517568217192
0.190570654186
0.328900687703
0.144829039779
0.283616383467
0.157327176416
0.222595089808
0.0761419460035
0.245474065537
0.0823947993315
0.16340853179
0.0671072578871
0.105548531854
0.0566934547152
0.0859672285062
0.0410566831132
0.0936291998197
0.0314230697531
0.0709875391406
0.0258831806641
0.0657833051227
0.0309635827279
0.0395478529828
0.017275561269
0.0457941725513
0.0174346425695
0.0268456671026
0.0119106003995
0.0212676778721
0.0135702263523
0.0319813020283
0.00771190210774
0.0116845164028
0.00665777007294
0.0202436099715
0.00485459511172
0.011720653818
0.0053112155192
0.0065252394924
0.0031897301652
0.00631177033502
0.00474259851926
0.00814155008144
0.00254826834435
0.00490346847525
0.00412554316711
0.00328616116194
0.00337459956215
0.00489536382837
0.00974078279013
0.00416679469337
0.00666445932581
0.0144139484734
0.00798820800533
0.00662852941851
0.00789596198825
0.0228529761287
0.0138189191358
0.00896159236353
0.0116752898129
0.0217321551458
0.0340538184136
0.00775252059487
0.0153344455229
0.0325282979531
0.0494229413714
0.0219595560985
0.0268201883843
0.0399741210684
0.0633772776869
0.0295130474403
0.0410656617647
0.0600465866624
0.0960311917409
0.0473920479825
0.0455647577191
0.141579928092
0.0806325773878
0.0948891347145
0.0701329696991
0.190931594304
0.157412082344
0.120787841265
0.0944435684728
0.299745595998
0.196355200448
0.140389052406
0.187479269948
0.404079263573
0.265075886296
0.216281559048
0.216017540641
0.670504909293
0.401493898139
0.15842841033
0.38729335679
0.501330281255
1.04593281306
0.424682028634
0.60745339095
1.55177625165
0.691729050106
0.671466885685
0.702366372531
2.31365954594
1.03841221527
0.725788354354
0.431272431481
0.942697656441
0.611799263588
1.5154617398
0.350520628704
0.692573545291
0.459086696943
1.04733169077
0.295457387197
0.649248662014
0.304161480759
0.790619217685
0.217971491484
0.340226035418
0.234870265699
0.51211819633
0.0896516009795
0.332780004304
0.15295863443
0.21075226091
0.0926657642323
0.205365679306
0.0864258647908
0.210807210913
0.0505299647521
0.0780010514493
0.0707290638705
0.147677848139
0.0301097773323
0.0694532507916
0.0449151480578
0.0963274745783
0.0282169637182
0.0399071806479
0.0275774046008
0.0442864908302
0.0187197726246
0.0447760103316
0.0172884089045
0.0235103527991
0.015555056214
0.0278015506414
0.00961744650848
0.0312061620088
0.00692228055198
0.0123176094233
0.00875743865654
0.0217561173929
0.00672464251654
0.013210757578
0.00609627423719
0.00938160602093
0.00258391515493
0.0062610303918
0.00459288702603
0.0102405984987
0.00208183153231
0.00408527759812
0.00473114119006
0.0066448072029
0.00169080126087
0.00321832191153
0.00293879044433
0.00256744969076
0.00203879986819
0.00669346976267
0.00482313504814
0.00451269096594
0.0032682219207
0.00902580129606
0.00625700166645
0.0040810416379
0.00459323730756
0.0118766144433
0.0134177715101
0.00530235153128
0.00848664496853
0.0135096122057
0.0152622549245
0.00945786735698
0.0106683959285
0.0355648104489
0.0277479357042
0.0165027103805
0.0142753803472
0.0379955145594
0.0286360605283
0.0210954919359
0.0303143039639
0.059339113892
0.0416490109764
0.0284740532691
0.0437908426175
0.0648880918848
0.109667277682
0.0395760972302
0.0639373004117
0.0974253059668
0.115624039892
0.076464997246
0.0627413145364
0.207463627963
0.198725858442
0.0538617664545
0.103136709343
0.234976912312
0.188487658345
0.15346757945
0.159897869157
0.221697265262
0.477302841907
0.18368568613
0.207503959796
0.565162410574
0.60792343379
0.372219937954
0.442285734033
1.05206103225
0.442741268718
0.608282232277
0.452361535192
1.5367656312
0.618674713998
0.727925281844
0.256082496631
0.598111880874
0.330121329736
0.95340933741
0.248957707536
0.628932753861
0.282950292867
0.765052215107
0.129421392859
0.542767796496
0.161300618454
0.230939572701
0.145667249803
0.295938546059
0.0880714094722
0.363130970815
0.104022383316
0.152957840617
0.108712328424
0.165949512228
0.0634581181432
0.151200646863
0.055881459877
0.128468780028
0.0338066539988
0.10375402848
0.0411286003508
0.089311386753
0.0265581130134
0.0429436948749
0.0280085929104
0.0769581895314
0.0199446102629
0.0266199025681
0.0119007430086
0.0463791668678
0.0102334087433
0.0324078208629
0.0105807297289
0.0256891712602
0.00945650970885
0.0118060450207
0.00985933714696
0.0225024707545
0.00498529008979
0.00933191385863
0.0058728453596
0.0113710492033
0.0043750453598
0.010015724912
0.0026333949821
0.00720651253206
0.00220773878201
0.00687295490676
0.00272308488906
0.00312223233529
0.00101372834846
0.00260356586232
0.00206458047183
0.00416247819013
0.00119067437977
0.00230419903696
0.00220502007384
0.00121442254369
0.00149647593176
0.00447337814138
0.00340004147692
0.00178648654692
0.0029661387506
0.00717340745524
0.00594410096704
0.00421487068316
0.00315845848297
0.00779656022361
0.0114950156674
0.00464754550843
0.00440840811726
0.0083016248345
0.0152020580866
0.00604648399717
0.00989834542649
0.0242520821663
0.0183618684398
0.0144354633597
0.00927637031783
0.0268758058561
0.0342055808421
0.0201672899932
0.0171543537197
0.0418756671091
0.0516253575185
0.0308978093439
0.028556277917
0.0475515194163
0.079221467883
0.0444653544409
0.03516976354
0.0559983981359
0.0792983418794
0.0693918509394
0.0632845218062
0.0677180738299
0.115102502942
0.0741572404646
0.0642068581105
0.207460335286
0.124971191642
0.0900780453697
0.128421383559
0.229723226444
0.312210464431
0.11858385437
0.102575534101
0.299787645394
0.461473614381
0.21933809338
0.266243823456
0.688612106166
0.26637789963
0.337843545678
0.330173462801
1.05405066307
0.414018273169
0.627604037282
0.191296367159
0.261907299164
0.231883592852
0.664643130276
0.17673702593
0.54513602999
0.140393725456
0.282637948234
0.115004299372
0.27117761386
0.112396634414
0.322083973035
0.0759240019459
0.134711604655
0.0668062798642
0.207887972525
0.0495339737734
0.105480215055
0.0598324737659
0.136644348534
0.0273514690412
0.0582326294907
0.0393584716414
0.0969472819563
0.0310844588009
0.0627838084983
0.0297366308383
0.0453775297214
0.0173460935663
0.0296442559038
0.0212449559334
0.0412496101875
0.0112533848241
0.0272182063171
0.0162072564586
0.0337029498194
0.00773158018201
0.0102572503597
0.00945288354148
0.0252445052844
0.0068368779112
0.00963286755838
0.00451661659496
0.0159437753072
0.00284833054759
0.00873287243487
0.00446510844222
0.009139990199
0.00246907246818
0.00415427593172
0.00257568347418
0.00678025153765
0.00157783461116
0.00442648380435
0.00249729954094
0.00334372368566
0.000932296749855
0.00240791368353
0.00207228062924
0.00306618432999
0.000588609206219
0.00158955315315
0.00203543714898
0.00117082731387
0.00118518640866
0.00306213107796
0.00201452474946
0.00225266029649
0.00146170795527
0.0031382158307
0.00514189611471
0.00217202226941
0.00291033261788
0.00765004418995
0.00361961111341
0.0032332786811
0.00284114870941
0.0104832658422
0.0058449300794
0.00591218362156
0.0052351712891
0.0156455001304
0.00992709618099
0.00458375118615
0.00915704792238
0.0152495898928
0.0228037489256
0.012712143164
0.0109170489772
0.0201083248196
0.0355677357821
0.0204635551336
0.017677164275
0.0500468539396
0.0413846342374
0.0306590558534
0.0253721770118
0.0783822905759
0.0443636884077
0.0374719799486
0.0331521773284
0.0787589371625
0.0885393340677
0.0678346228645
0.0397253322554
0.138358718702
0.0829812129079
0.0661799935678
0.0891916355524
0.197295545057
0.13326774853
0.12837683374
0.101638602721
0.305319527548
0.195431509018
0.154087766517
0.126417290021
0.440134721616
0.196647996899
0.195764803749
0.249937683544
0.788527175367
0.295401637914
0.351802649677
0.170780534691
0.346594257825
0.1998793088
0.569191513106
0.120360274619
0.363680921243
0.0765620744251
0.313844719275
0.0587753006658
0.151672846503
0.107796851159
0.173222594991
0.0606705130752
0.154361735659
0.0453420493442
0.0912480738617
0.0532804757799
0.0723785157276
0.0485664768925
0.112202056889
0.0304207977005
0.073097035766
0.0311980312462
0.0493862822727
0.0243714638393
0.0327358220778
0.0180503743661
0.0460498981742
0.0159970640637
0.0162117488783
0.011764212584
0.0347624685005
0.00912368160574
0.0201643931245
0.00909960707138
0.0129145855485
0.00451917006529
0.0176968399019
0.00598035226276
0.0115315495083
0.00401135631634
0.00854491456626
0.00440016910775
0.0116119419359
0.00271587714293
0.00604015040615
0.00295954612281
0.00405843422646
0.00142747415904
0.00241728545401
0.00212931039292
0.00419768498217
0.00104229948093
0.0023516039682
0.00159951096206
0.00329888855593
0.000707873758184
0.00164900513244
0.00157104996678
0.00215214557901
0.00064381741501
0.000778314660896
0.00139963388257
0.000612936849155
0.000706813281699
0.00142186331612
0.0022831867548
0.00116170966112
0.00117439939915
0.00339872581692
0.0021882353881
0.00149366164776
0.00188208086323
0.00495965560552
0.00438007012186
0.00365200686793
0.00258427874614
0.00655792398706
0.00377849766417
0.00377604022036
0.00367204782005
0.00834904077137
0.0110923448058
0.00496014060164
0.00343480297349
0.00959727615081
0.0153742463075
0.00943577946576
0.00760812286251
0.0215538281453
0.00945733869471
0.0104555144022
0.0108236291462
0.0380779803852
0.033517834869
0.0149092494941
0.0224434926137
0.0427130131949
0.0484851702688
0.0316259382467
0.019964941256
0.0376903785859
0.0696032111774
0.0270539235467
0.0372262060794
0.0944254649987
0.0581822004839
0.0478138453189
0.043835006985
0.122009681029
0.0959543105243
0.0772723468185
0.0539559944517
0.175546854404
0.124210464428
0.106759324566
0.130988119978
0.301383057119
0.110219552436
0.102733498092
0.125691208101
0.439699880074
0.158609219399
0.271143054726
0.0810851666134
0.19247451327
0.0700062403259
0.227187161383
0.0816363680301
0.129260829315
0.0592059527155
0.212795622281
0.0625554749745
0.154462115911
0.0321475324647
0.0744616139422
0.038410882719
0.0670253133428
0.041320499043
0.101331422283
0.0273848563051
0.0462533472023
0.0311058233753
0.0744941344731
0.0209436782501
0.0434572950937
0.0193925427661
0.0316020120654
0.011575384442
0.0349099414644
0.0105886085314
0.0197013239168
0.0107018159077
0.0222032114985
0.00696327023809
0.0246587072584
0.00463436616422
0.0151840207296
0.00589766023241
0.00826328149559
0.00353569671809
0.0106858986557
0.00528899188163
0.00860732590026
0.00317233736273
0.00772090275397
0.00232712275287
0.00474257117953
0.00194234970446
0.00255918383422
0.00169885342219
0.00449514443275
0.000845888535544
0.00347633217773
0.0012360368834
0.00208239384579
0.000667265427805
0.00153871082145
0.000917722602297
0.00203700873614
0.00051480936513
0.00144794066719
0.000978945021957
0.00141943044559
0.000339521085489
0.000837573330347
0.00104995247501
0.000658981999645
0.000542663464705
0.00128675845147
0.0016019599919
0.0010124989554
0.000594537585021
0.00126008811902
0.00259382908594
0.00109236199741
0.0010276273216
0.00353365056989
0.00263281421425
0.00232226571767
0.00179717276044
0.00307179152147
0.00446763751495
0.00235110994458
0.00216202242474
0.0072927336081
0.00438127567954
0.00462311987579
0.00286502724928
0.00619522278252
0.0107176213199
0.00652035150305
0.00547831273558
0.00836259811753
0.0132875522791
0.00938662582389
0.00741181075529
0.0270242670423
0.015751905378
0.0127631046383
0.0102069983511
0.0330330594048
0.0181261440976
0.0190787004561
0.016887615049
0.0458284046646
0.0298254633208
0.0261029685388
0.0237532827579
0.0797270943248
0.0445882232742
0.0325348297234
0.0252680131767
0.0566063549817
0.0970839644722
0.0443109259351
0.051128424433
0.0983624458672
0.0691533576981
0.0576390297714
0.0498878173933
0.210053129301
0.081537414148
0.107551257174
0.074209035341
0.285426472981
0.0781701505964
0.12195650333
0.0544568451581
0.23831732547
0.079388451767
0.0942410270952
0.0631939742297
0.0952140821858
0.0516353345596
0.170788308482
0.0378293132931
0.0948268438114
0.0332865331689
0.0652366243938
0.0308350055651
0.0414254287038
0.0278438878974
0.0647108617659
0.018454199252
0.0515961163167
0.0188416797253
0.0234482321653
0.0129910926764
0.0263442994857
0.0127225588844
0.0247192443838
0.00697682600616
0.0142793028951
0.00781879163338
0.0227050592362
0.00462857151324
0.0142147734885
0.00680887044785
0.0150258078448
0.00387229754398
0.0110603363629
0.00461569901461
0.00578225708096
0.00340433876909
0.00509711837286
0.00243008426903
0.00442433456443
0.00187089153315
0.00261063655105
0.00182802887894
0.0047008941483
0.000839693587229
0.0026985726445
0.00133088860666
0.00270382157423
0.000917593855578
0.00194174847565
0.000850442306437
0.00231684671867
0.000546298256257
0.000859087973222
0.000713880354442
0.00187736966937
0.000353942431749
0.000803605611792
0.000707261564795
0.00091645298652
0.000237052909545
0.000539211924716
0.000788777069232
0.000519063882948
0.000370627943014
0.000532065262555
0.00102056067467
0.000512071328242
0.000326611685375
0.000877157256857
0.00091240250389
0.000914850964867
0.000841563013929
0.00259063124076
0.00204325778043
0.000876984890612
0.000914257877376
0.0030702211502
0.00217581660522
0.00220161144274
0.00189847393162
0.00518515662422
0.00426868726787
0.0020310135178
0.00207431286092
0.00696166936236
0.00445459571914
0.00403172827272
0.00301062234466
0.00674550373995
0.00933623578923
0.00739408011659
0.00558336541346
0.0175893413645
0.00913680396264
0.00727840937259
0.00602563694713
0.022974075157
0.0182290164975
0.0129531496682
0.00920588584915
0.0304558437001
0.0193754608532
0.0195483102993
0.0191058781825
0.0530991441697
0.0322740728852
0.0229129128225
0.0163264847092
0.0480680164222
0.0721242763591
0.0280986352653
0.0308823267699
0.100218000631
0.0425524957097
0.0426406374852
0.0562425815496
0.113138711527
0.0695382550975
0.0689284469294
0.034301946333
0.20638095494
0.0444930660336
0.063527025682
0.0522511648533
0.1549647903
0.0454779510331
0.0624092483638
0.0361123544431
0.0438436718684
0.0401941854797
0.0951106088682
0.0243312659184
0.0690172523103
0.0306458031722
0.0403396655648
0.0154181738648
0.0485595521837
0.0142021785135
0.0236828209741
0.0149763239121
0.0315249713446
0.0121204396249
0.0192027576438
0.00957503693965
0.0195116657921
0.00743185378174
0.0154761413434
0.005929788342
0.00954864013753
0.00639824649943
0.0131136219094
0.0032846045616
0.0102116180489
0.00494187952399
0.00821027469901
0.00313634940029
0.00748554701637
0.00314429911815
0.00313895254813
0.00172878250051
0.00473002682701
0.0015582778022
0.0041440947824
0.00112570845879
0.00341371357041
0.00138273979483
0.00316058495379
0.000817115021937
0.00218082014659
0.000782022775654
0.000987057661447
0.000659089854867
0.00149860907798
0.000666822757458
0.000847927510982
0.000328048112587
0.00129393211007
0.000406582376874
0.000683837923122
0.000227804600926
0.000726580291465
0.000368880737299
0.000399668082226
0.000171578284891
0.000538346280824
0.000439558754751
0.000283260671977
0.000264996316881
0.000688549957492
0.000754637265736
0.000501193105604
0.000293323859271
0.000879016288348
0.000541707384741
0.000620845924467
0.000448070531401
0.00166041601315
0.00125242663806
0.000796403166327
0.000896400518359
0.00225624780503
0.00168828374256
0.00144150877779
0.00120803368002
0.00259762000697
0.00325693959362
0.00153309749182
0.00161412802973
0.00295265112215
0.00524171804521
0.00239410183737
0.00261030801973
0.00670499156532
0.00499539172855
0.00483459769415
0.00314574378321
0.0108530128579
0.0058814556103
0.00671412115854
0.00486102951476
0.0109861585975
0.0148958878779
0.00751912581319
0.00607869013236
0.0207495615386
0.0138349252555
0.00904324245584
0.0104560310374
0.0300941183777
0.0216099126639
0.0215684077751
0.0117684741008
0.0376069715548
0.0191869834434
0.0182447857924
0.018391715758
0.0233389161857
0.0644632748039
0.0206248457511
0.0156999958406
0.0655746737829
0.0303702294961
0.0402982619816
0.0214652904677
0.103048639947
0.0354241301467
0.0329695438386
0.0379898471851
0.0898164511827
0.023023247358
0.0312377070491
0.0263778446885
0.0573965116313
0.0232198194166
0.0367211653501
0.0175787358562
0.0296808530496
0.0158334866171
0.0310321736557
0.0148915103199
0.0256848606255
0.0113004921517
0.0317995583993
0.00565987472447
0.012928504574
0.00781919928709
0.0203842254666
0.00651997100761
0.0103398780464
0.00566199100372
0.0128255958858
0.00378064045581
0.00619346435725
0.00344150141101
0.00841594512635
0.00293331914262
0.00430926102785
0.00243320864982
0.00576708819818
0.00161119633955
0.00363456306168
0.00230807150297
0.00319092422008
0.00115917234174
0.00213320873263
0.00119948136152
0.00336826889943
0.000894296478547
0.00205876560268
0.00086294070061
0.00181096736605
0.000634130276725
0.00145398383373
0.000475862845562
0.000995765307649
0.000416024703465
0.00100997796875
0.000395498819865
0.000942849329851
0.000270515865752
0.000882135246169
0.000222126552634
0.000632182410162
0.000173030044453
0.000515282871828
0.000207720624305
0.000175145777555
0.000133491661409
0.000341544491681
0.000191547299141
0.000188954324176
0.000165624812617
0.000399762341585
0.000528660777427
0.000344047544266
0.000242208433435
0.000596188380815
0.000725928134811
0.000373562477967
0.000336832889022
0.000529485301573
0.000972748616374
0.000425191716599
0.000467797513379
0.000887232899512
0.00153801934173
0.00104602360922
0.000760365153103
0.00224697721008
0.00158051039907
0.00131611968421
0.000968714715903
0.00316740666617
0.00269093291773
0.00207735423857
0.00172668912578
0.00473164078856
0.00444017858483
0.00309752397947
0.00236642601095
0.0063591789618
0.00329099913076
0.00362804631426
0.00297464752769
0.0100914660194
0.0088065207728
0.00451934022877
0.00583815930019
0.0144488335951
0.00916839306436
0.0101156918778
0.00626652295731
0.0174818859239
0.0156001726986
0.0105838145508
0.0141837740389
0.0157289180316
0.0155267182576
0.0130351059039
0.0125249336969
0.0414358543899
0.0164152267896
0.0168652888896
0.024694507449
0.0577045247794
0.0166052394222
0.0152416315494
0.0216615210567
0.040949779042
0.0179186165633
0.0334394072811
0.0226859664255
0.0586141855502
0.0172953527471
0.0268508906416
0.0160412880141
0.0353805983344
0.0152705330315
0.0174555908961
0.0133983789733
0.0145746281068
0.009163829272
0.0206912941491
0.00789446562132
0.0223015001199
0.00684126828783
0.0155161216411
0.00504099954217
0.00615000441833
0.0050702659793
0.0128223237821
0.0045725027676
0.00897350405926
0.00390750699206
0.00573812407098
0.00272519078717
0.00698215038033
0.00217839778928
0.00375990983449
0.00191432451032
0.00420936385432
0.00171136159206
0.00276297335738
0.00129767335466
0.00219708608794
0.00117648652678
0.00316252353429
0.000573254420313
0.00136912255956
0.000701902058743
0.00223326209767
0.000512462675496
0.00104854443349
0.000521181002301
0.0015099837904
0.000383953464719
0.000967982526064
0.000449724581162
0.000565187672035
0.000278518050479
0.000790200319342
0.00029398239229
0.000434859476041
0.000205888744301
0.000453943634971
0.000202411257605
0.000506538464534
0.000115416917538
0.000348691520667
0.000178251733508
0.000209900904071
8.95778835167e-05
0.000191021091041
0.000264556202554
0.000125360665385
0.000112850184355
0.000329826000726
0.000241655965518
0.000168028162784
0.000190967314257
0.000513334166508
0.000340154284573
0.000311427700817
0.000239343872699
0.000346677726596
0.000574643023075
0.000432545453075
0.000369372389329
0.000953219413278
0.000944385081746
0.000661031000039
0.000609706093617
0.00157393526399
0.00132624594978
0.00109136516638
0.000778303650135
0.00127325858582
0.00275783675641
0.00121774414697
0.00120858998334
0.00342494150163
0.0026966237519
0.00212287989839
0.00149722184341
0.00425872928146
0.00334012084238
0.00301603036602
0.00198626361939
0.0038519316174
0.00588625022643
0.00432755104615
0.00304150086265
0.0065223126604
0.0120405071331
0.00702040565798
0.004952051684
0.0111317467408
0.0102635053959
0.00811783798927
0.00619378355187
0.0157936661407
0.00987911600037
0.00961000451249
0.00992859174067
0.0220623814141
0.0113351213264
0.0142326347465
0.0131830624001
0.043306794972
0.0144048096334
0.0132544430807
0.0160065121942
0.0244613251231
0.0186546030696
0.0148719399666
0.0100629695396
0.0395477202969
0.0127371685086
0.0180210626961
0.00676290933811
0.0284718936564
0.0106179942951
0.0135710413413
0.00853378493142
0.0187825938225
0.00877414818518
0.0167374401946
0.00397124916454
0.00891914168547
0.00424650672083
0.0175307455035
0.00461257132101
0.00973588633504
0.00300721751721
0.00587723299115
0.00298695066507
0.00495531910801
0.0018705383951
0.0065574979032
0.00204180229719
0.00238762130392
0.00186556183057
0.00440448173066
0.00125792343271
0.0028383873155
0.00143150970991
0.00189009843837
0.000833518489602
0.00201934934446
0.00110136375815
0.00156070483938
0.000478371980166
0.00126373863386
0.000489807278639
0.00146796252826
0.000378034383064
0.000766818438089
0.000453528774585
0.000461749222981
0.000315434326567
0.000652396542338
0.000334358235148
0.000422147579948
0.000209694549178
0.000395824564597
0.000214473480372
0.000473742334615
0.000120745772257
0.000332964334642
0.000136721153584
0.000206952306721
8.15818367942e-05
0.000221918776663
0.000149292875431
0.0001561789658
9.37765355709e-05
0.000162454744785
9.87196584862e-05
0.000112520428106
0.000134741312368
0.000209910760385
0.000112947787756
0.000133198648494
0.000181172081826
0.00030501027158
0.000215959588248
0.000191955913073
0.000328011928643
0.000312094826785
0.000537643866484
0.000284782749099
0.000348823714908
0.00072184489385
0.000459041660541
0.00047543496667
0.000719646511395
0.000972160831674
0.00105437037253
0.000678629671489
0.00102020357041
0.00189395324337
0.000881247077096
0.000955209666857
0.00121811833253
0.0013739365675
0.00249498880511
0.00130567122967
0.00190323882048
0.00173610312624
0.00294182303466
0.00197354234847
0.00215560629827
0.00390228677456
0.00491442172061
0.00202390580692
0.0041562938895
0.00517402046905
0.00687129428181
0.0042939336852
0.0053079435885
0.00813573314387
0.00766455632293
0.00594178096952
0.00624489810818
0.0152265766519
0.00663076464483
0.00610928801461
0.0118060188732
0.0135724623345
0.0140849790974
0.00898958881751
0.0101894812768
0.0162016277518
0.00927180474048
0.00959599808454
0.0107563255558
0.016698950811
0.00975141040013
0.0116789362435
0.0142488402839
0.0148491101453
0.00695938651384
0.00998316190669
0.0103857302094
0.0153984037443
0.00481987505146
0.0107455681297
0.00753915475157
0.0146704697054
0.00480273269192
0.00747744926402
0.00428935929801
0.00384760852905
0.00425253593779
0.0101466699522
0.00278139531216
0.00614630437199
0.00260320726328
0.00471378207429
0.00265497212646
0.00288052614746
0.00159457644819
0.00440125018528
0.00173992512638
0.00283412492877
0.00119362386078
0.00179776059567
0.00117553119332
0.00122468441916
0.000631380772634
0.00193131066555
0.000632937204954
0.000941464826098
0.000443537349701
0.0013351400367
0.000731167032064
0.00083056995459
0.000361956189752
0.000856217889559
0.000327285747021
0.000420111985966
0.000240895220033
0.000627151280248
0.000271387317771
0.000303366604951
0.00019954686677
0.000486262254632
0.000229486164541
0.000251836479403
0.000101304998504
0.000356896219359
0.000110362159936
0.000167067191981
7.90508598563e-05
0.000250621040331
8.88236108247e-05
8.87685631512e-05
7.31056502474e-05
0.000169048094517
Vrange: 15
Reward: 10
Gamma: 0.7
Alpha, epsilon, number of episodes and steps/episode: 0.6 0.9 5000 100