0.0
0.0
0.0
0.0
0.0
0.0
0.0
0.0
0.0
0.0
0.0
0.0
0.0
0.0
0.0
0.0
0.0
0.0
0.0
0.0
0.0
0.0
0.0
0.0
0.0
0.0
0.0
0.0
0.0
0.0
0.0
0.0
6.42583130271
5.41233777705
5.16251123197
5.21751216668
7.82451644772
7.66188876247
7.64665954722
7.64287381754
7.65859654116
7.54666176894
7.35432301713
7.55913101481
7.9499741314
7.75393108102
7.79892766302
7.61543254406
8.00342719655
7.98804632477
7.66493653302
7.67362724031
8.12439403086
7.97016035199
7.91123022714
8.02257120757
8.22765898029
7.96199858923
7.90993912389
7.99115949418
8.49158305732
8.22349104399
8.04787428217
8.19859493862
8.23360108324
8.10393980157
7.93405778052
8.3903221094
8.10447533242
8.14502878917
7.94137278251
8.27785671779
7.94501365865
7.96026909453
7.8614741161
8.16427991031
7.92632162562
7.85954170192
7.74354665477
8.05964819737
7.91402972223
7.79026198152
7.79423187469
7.97948498348
7.75237865156
7.71289058524
7.65184914251
7.90912285369
7.63783325215
7.66461920748
7.49972124558
7.826566377
7.45719527288
7.58655615432
7.43211236172
7.72716335123
7.41343469944
7.42279087557
7.33457220271
7.43885214949
7.32268097289
7.31912043514
7.21614655938
7.46948786696
7.26800169895
7.21006002176
7.12037141169
7.36082435398
7.2553843644
7.06852080515
7.08836384936
7.10636046543
7.0296618416
7.11972267149
6.89988241128
7.14573324157
6.61675250139
6.84678819886
6.89904179913
7.0601600199
6.87331415106
6.90784656633
6.86714282359
6.98555620546
6.84542609889
7.01017849905
7.25375268866
6.88101530395
6.69181001419
6.98582582375
7.25897348961
6.70193615291
7.12641253171
7.1643230227
7.37786749417
7.14585083093
7.20527451057
7.33567610994
7.37008529908
7.36255348882
7.14337643462
7.10113025599
7.45765187544
7.11055406256
7.50863650081
7.47130684409
7.69497882279
7.57015182569
7.61878604536
7.53071969103
7.68359808939
7.60684964287
7.73759590729
7.66143683158
7.82135697055
7.69783026259
7.89923275692
7.71662025019
7.73500983432
7.77768851649
8.09133051778
8.00319420713
7.84681302231
7.86922354115
7.8859259219
7.85744560288
8.07448449017
7.88313226046
8.1730526828
8.06466875424
8.11621811771
8.0142151675
8.15034410113
8.12402294067
8.05464652929
8.04079697173
8.2769419427
8.03144849069
8.05132960254
7.99808201959
8.32747289905
8.05005609728
8.0287560505
8.2094183763
8.26516469218
8.14171917029
8.07300470175
8.27518875134
8.3522630753
8.18354480137
8.09948218805
8.14651925759
8.17318092822
8.16766551398
8.13450841137
8.28148343128
8.15760493936
8.13446926525
8.02665331472
8.22227180102
8.10988681976
8.13955929551
7.95270802888
8.02333429447
8.17322221344
7.96836423073
7.82991706727
7.97094027629
7.85977391033
7.8389098142
7.7872659784
8.07276029712
7.94462717529
7.86698892549
7.64367816758
7.91290680768
7.67787414304
7.61580200267
7.47253980048
7.77688367996
7.34517951027
7.35995652545
7.44496047516
7.79389022049
7.44591475424
7.45381873531
7.35485973724
7.72354033536
7.29741338198
7.25693262091
7.24251910247
7.60662020554
7.27499301954
7.26009952479
7.04735675527
7.41200569736
7.15595719809
7.03640182263
7.08198533951
7.20217852425
7.1395650674
7.01483232928
7.00450182368
7.06114789446
6.87123304803
7.00167989225
6.98517282004
7.0760833436
6.82562138006
7.05910290352
7.20326519803
6.79363085592
7.05605341612
6.96895922839
7.36140255479
7.14085981829
7.26352879105
7.26990600696
7.52245055672
7.41061187197
7.24759926933
7.3450938769
7.54898729845
7.29707798749
7.386338429
7.44734223131
7.64753218506
7.45937589388
7.65276561228
7.61303997038
7.83698838728
7.61799436505
7.71255061778
7.72031184508
7.86146657365
7.7589771511
7.87899273804
7.8772484575
7.84655313217
7.81620912383
8.08387414938
7.96404937058
7.92415746518
7.97530543361
8.11286548744
7.88398213657
7.92985732015
7.98858663995
8.21184134929
8.11207725609
8.11639723705
8.03103472092
8.25795719802
8.02250919401
8.08965780005
8.01173461577
8.40161768933
8.09259282415
8.22600409533
8.1236427829
8.3745758367
8.32743518941
8.23627056921
8.10834249823
8.41302356843
8.17500177726
8.20394681226
8.29148950067
8.56056277307
8.31145049452
8.18611204145
8.28396911813
8.55489064273
8.30970486159
8.37791279741
8.40384149588
8.44401549634
8.17547214751
8.20009831027
8.38223346046
8.45486658451
8.29668850254
8.07166692543
8.27938084724
8.20423095608
8.12990048089
7.98286981305
8.13797774773
8.00588312747
7.92376131276
7.99195903661
8.2445361343
8.15824732175
7.85950325677
7.88380966205
8.00298404408
7.86004494672
7.87762383087
7.70021568827
8.05624437808
7.71826066386
7.67409653682
7.56306422758
7.94867792465
7.67163855568
7.68303239127
7.60333835888
7.84854695131
7.63872904639
7.53194713034
7.40139335811
7.76076852966
7.31056784808
7.3365592258
7.38327614422
7.65117948978
7.28426022032
7.31578305399
7.25871214408
7.51132079375
7.22250304777
7.21188188152
7.1983972333
7.39380108715
7.20598782666
7.17475406988
7.0345532471
7.31167002804
6.86856087225
6.73105513911
7.07455091831
7.26580651951
7.24700583659
7.27871705232
7.51956387461
7.13518665198
7.28060696576
7.24784539457
7.57699236679
7.27820143733
7.28420498684
7.21169381255
7.38286314905
7.2495289043
7.49423713509
7.46601612612
7.69343492682
7.46291982779
7.58285891224
7.59598042946
7.79328574781
7.63238934231
7.90810459289
7.71402122595
7.88617890159
7.70249057773
7.8115870622
7.70660680285
7.93788638168
7.68517800241
8.02727225816
7.89084819947
7.98646896318
7.84568197586
8.04419038062
7.87633133409
7.90026640513
7.88297117067
8.02758889687
8.03439621632
8.24412984687
8.00190293169
8.34670084162
8.20116282208
8.31258768093
8.19755517567
8.27752890533
8.16384467231
8.328866494
8.18842928979
8.46238764365
8.07629329341
8.26982247422
8.21004999316
8.48222487864
8.31763611617
8.39487645019
8.22136872562
8.51044964472
8.31509412884
8.35747666922
8.40774428592
8.69755426335
8.42043945436
8.36302647692
8.51121788349
8.64889141468
8.40189920705
8.3890460344
8.44156752562
8.5930986535
8.50798431889
8.21733817645
8.44543462789
8.34901191691
8.31194249004
8.20150338547
8.43389101278
8.45910371878
8.23663102137
8.215120396
8.27840352534
8.22687001682
8.1902170968
8.0801561351
8.33352533694
8.02374620071
7.93639612302
7.92322228384
8.24975940125
8.07012207695
7.99646186195
7.77311278493
8.0813889549
7.969409575
7.74879172264
7.83400731707
8.10613743572
7.76489075502
7.71174997844
7.51612562838
7.78126685239
7.6152194595
7.69391672114
7.53824435755
7.83586771592
7.81298641306
7.46640050494
7.35325905726
7.55674505294
7.38455003103
7.36610724486
7.37966431452
7.60421926207
7.67158426305
7.3458042092
7.21872060385
7.37390943713
7.21861294264
7.20709346141
7.23086811007
7.55447836288
7.07543583462
7.2164860098
7.16411455477
7.41767467279
7.11064914031
7.06391735458
7.46590299739
7.26816129126
6.93413099008
7.03239765747
7.35257267503
6.96869647882
7.35999731424
7.44107783843
7.56824267209
7.349327018
7.46218971767
7.49383878689
7.68604270634
7.46690850261
7.82583909962
7.70092448636
7.90318330839
7.70155925558
7.8218875094
7.6993778072
7.9174485837
7.75688424711
7.85126815302
7.83932893237
7.88923282594
7.81947885848
8.0852733741
7.99567974326
7.96675066281
7.99344554867
8.06677803904
8.11340229584
8.23103511085
8.09420158625
8.26385060369
8.15416514955
8.16820162404
8.07535118531
8.42497917016
8.28409640595
8.30535483402
8.29678294461
8.41008997819
8.32977383975
8.40381452651
8.32453949459
8.3418100394
8.34216580974
8.44883134031
8.30776840993
8.57299138738
8.41861702747
8.45824332985
8.38197022506
8.57915379626
8.48504885122
8.40877495659
8.4886465553
8.90973502939
8.47088802932
8.4818924747
8.46346158164
8.57131635102
8.39489662141
8.40793328752
8.42870838344
8.72793228499
8.44393320131
8.44058461356
8.42744293744
8.66320601178
8.45712591626
8.19736448473
8.43739662049
8.44207730997
8.35509397825
8.1784367525
8.47593460238
8.33984452207
8.29405403329
8.14185863948
8.19692250983
8.13960703392
8.19538802734
7.9694668971
8.32874942097
8.08712618511
8.06801863655
8.02803397527
8.28865312023
8.06638554352
7.86788821187
7.82162216364
8.20463210908
7.82660977165
7.84372412132
7.646481338
8.07518550613
7.64020405537
7.60818998229
7.73993723215
7.61584457224
7.76098242718
7.589806466
7.60674997375
7.58429611277
7.49368784217
7.48839290091
7.51300639522
7.69581292951
7.54080884621
7.50896520089
7.32415406853
7.75182603282
7.08527423163
7.48332577207
7.25377422905
7.65196377516
7.23864139257
7.22872284243
7.24404292623
7.49231864537
6.75563673833
7.49857468605
7.64291341491
7.23008783992
7.34743394813
7.00909262089
7.25424519815
7.23940797432
7.39527520806
7.45190957937
7.76118767869
7.49488824418
7.72624416925
7.67315785715
7.83248607956
7.63150638185
7.43995232313
7.74576670459
7.95617725497
7.79102462609
7.86833404575
7.87927472061
8.07034902888
7.86997100906
8.1585371391
7.93723828831
7.96106479479
8.02392746002
8.24225195873
7.98448931336
8.13768570481
8.13813257376
8.24066003414
8.18257291563
8.30258350854
8.12097031267
8.41278840588
8.27122646031
8.33935385158
8.32428190263
8.38569271064
8.30036924493
8.45904132849
8.36589263147
8.43583924161
8.38421216939
8.46541565268
8.44196288407
8.69632025168
8.33583220857
8.54294344701
8.46358429483
8.62608393753
8.41473458263
8.50749485503
8.49662460207
8.83024441358
8.56129370297
8.59531356174
8.59517796292
8.8149905036
8.60046020287
8.64430549638
8.68264972038
8.5416295007
8.49163101931
8.56450706493
8.75013482454
8.74153222623
8.68097788952
8.49286130148
8.55941507795
8.57540946906
8.58367575591
8.46566625444
8.69121702467
8.55492644272
8.41796667404
8.30550200426
8.58569413327
8.48388291698
8.38699613799
8.17275400713
8.46169224242
8.40478074675
8.25268024493
8.06288312043
8.2315469482
8.33203626721
8.0355753874
8.03940424916
8.07108224694
8.03434814099
8.01901924518
7.85870433953
8.20850894141
8.24198830978
7.99445823258
7.83271818738
7.9771005816
7.84177395853
7.90107441467
7.7604948379
8.18534581548
7.85774296064
7.72683754272
7.68656067047
8.0230618612
7.90902515794
7.71816913604
7.54309463314
7.81981445971
7.68929072806
7.70091925264
7.38268617172
7.83767196517
7.39944313148
7.32279523391
7.3118360758
7.73910189735
7.17316496038
7.31289688322
7.12928811681
7.64036142681
7.29777022052
7.33629067059
7.32943840251
7.31077858339
7.30948421431
7.47968740503
7.55997173847
7.49134370616
7.58285640132
7.6397704518
7.75710302938
7.61785622313
7.73083710021
7.74489407763
7.97465904601
7.77065057522
7.76234836325
7.78274764559
8.01557942947
7.81295574945
7.97337603749
8.03781086782
8.15671938144
7.90475254726
8.13747581998
8.03325239276
8.23201415732
8.02869764584
8.30036761838
8.23978140151
8.20606915263
8.22262236668
8.39318565269
8.30977500171
8.48486772637
8.3553382276
8.52687998307
8.38872202499
8.50635219261
8.49017614426
8.654602314
8.37257309091
8.42890986593
8.36453039209
8.70321264618
8.44847181773
8.51191321788
8.50367297877
8.72941054383
8.49515921756
8.60715279074
8.5788959743
8.79724079863
8.62269809486
8.73042085577
8.66031257583
8.79081886354
8.65200493908
8.63127177253
8.69857911159
8.91958677892
8.69769311457
8.69384566695
8.64745530892
8.8496378632
8.84621976087
8.61110942284
8.84202707289
8.98201139737
8.66482385209
8.61731432001
8.79878220035
8.63447902229
8.55451592112
8.54504758851
8.8923163405
8.76394032106
8.44102445107
8.47978311963
8.53777789271
8.40946655131
8.37376419808
8.28505457746
8.65455732348
8.39874964605
8.21834031015
8.31898301603
8.55238865172
8.34173802436
8.21235963222
8.20276552179
8.45331831392
8.14940357479
8.19646453342
8.01409184597
8.35455824136
8.30964045066
8.09464382834
7.93019579963
8.01605814053
7.8960385647
7.93825418102
7.82430285156
8.19364734338
7.83288470293
7.87559102295
7.66814158738
8.0491675595
7.62956678277
7.76160329944
7.56667181788
7.91965432207
7.57565855636
7.67217040631
7.40361320429
7.68773315939
7.56875838001
7.63766547828
7.31646752308
7.76780206216
7.38061183156
7.43695643121
7.44362949256
7.66999207191
7.49047075806
7.5067412292
7.82711809855
7.50237005195
7.57942024455
7.56688088272
7.80745036243
7.50891760069
7.45874455336
7.81485713548
7.96992005686
7.79957126921
7.75490158039
7.83468055648
8.02084329335
7.85047466683
7.94632896604
7.88822056375
8.1357080824
8.0303942619
8.33458082009
8.18447886209
8.08313362766
8.10652430042
8.23901560741
8.12518135976
8.14203815446
8.15573277521
8.28460507816
8.32261382145
8.43255871527
8.25036372008
8.34955800588
8.43185678336
8.47644839419
8.39758373228
8.60472587014
8.46370180563
8.54472584717
8.4274314831
8.62656867004
8.59105351635
8.61735892904
8.48479867327
8.82135348587
8.52027076302
8.59531895772
8.55965807202
8.68727220888
8.68000707079
8.86205759774
8.70494330512
8.91150404304
8.64993739292
8.83323688765
8.67639118744
9.05819292374
8.84353874369
8.79787533034
8.89391286837
9.14277601655
8.96097172653
8.80437063222
9.00186306329
8.80818988067
8.86024181591
8.80315704127
8.90043153264
8.90722232536
8.72772060967
8.73378429321
8.76910729521
8.91349646543
8.68257259635
8.54484146016
8.83982056714
8.87459837561
8.47847549652
8.4674320131
8.53733845239
8.51708923354
8.60901405303
8.36215411685
8.74428324302
8.68623688321
8.36338177178
8.33541351143
8.42995079482
8.54821428911
8.33120868598
8.09970755373
8.47454960485
8.29148698282
8.2952969529
8.06126202678
8.32820002933
8.24718959161
8.24898566857
8.03336230784
8.34228718529
8.04762187126
8.09916267568
7.88766746184
8.24615870359
8.14652505231
7.95346647901
7.84149552609
8.01089785818
8.03341750697
7.89281842266
7.59735300716
7.87725606704
7.98965884522
7.6709508814
7.60142379604
7.74984914101
7.63230938809
7.76701253913
7.48300761376
7.85799352523
7.5009318888
7.50863295321
7.59121243658
7.73067013989
7.48957098125
7.61392753902
7.85263682004
7.44638608936
7.52448687376
7.78874124024
7.92860716283
7.62274618681
7.80169342699
7.68157433122
8.10246083533
7.91852456529
7.82668336317
7.9838900333
8.14696397146
7.94175284321
7.96620494071
7.95368246246
8.27838675523
7.83505236857
8.38221595438
8.09175901649
8.13851001304
8.10407135674
8.47168899485
8.20029064856
8.37812058439
8.33309803765
8.56286894727
8.35996188727
8.38443501923
8.37996574446
8.65517539921
8.50833512721
8.45504662518
8.51356503585
8.5579064977
8.58888818415
8.72512883286
8.63358524188
8.6603063069
8.6170226464
8.7343572873
8.66202786737
8.89860564237
8.66709903309
8.75080560046
8.61908205279
8.9822206532
8.71985443716
8.76995294849
8.73514004102
8.91992200405
8.97182793209
8.819968385
8.85823386277
8.93398619995
8.90839716433
8.8810084959
8.78307927338
9.23698853922
8.91251013902
8.81613962868
9.14687702131
9.15108733161
8.88839860655
8.89254727809
9.16841099581
9.07573439059
8.90877058562
8.75722119606
9.09427720284
8.84757346473
8.89083657965
8.73152733847
9.02737192472
8.72872259588
8.69848022306
8.5891614232
8.88706205907
8.79735214088
8.70730266597
8.51195911906
8.84509393638
8.54316687316
8.58566308545
8.34549354003
8.73507482009
8.68655420882
8.42941184996
8.37197869781
8.54877059685
8.57232324946
8.41879278318
8.2010177274
8.37553775387
8.34422566631
8.2608784325
8.12377616167
8.45031912652
8.10035420081
8.08317089304
7.99246559474
8.34166915313
8.11387147006
8.03349107915
7.88788486615
8.25356155583
7.95376880268
7.94770510253
7.80492448247
8.1255001542
7.58927897195
7.78054704935
7.6825222247
8.03019273459
7.65493340241
7.69328023065
7.58917531159
8.04292509442
7.59035699947
7.62831194283
7.59323256079
7.95792246864
7.3006255269
7.52849239573
7.9228649373
7.61761192598
7.52571200406
7.4544599845
7.99939414009
7.63006957302
8.09122382895
7.96757682693
7.95381955747
7.91243766828
7.80122143592
8.03617294548
8.17803982039
7.85880794996
8.15501494591
8.16582423876
8.23445237018
8.13297308995
8.31914589817
8.25127446636
8.33316997132
8.3269881341
8.35859874919
8.31053829412
8.55482673014
8.30571629439
8.45966354727
8.47287238552
8.51417768274
8.42367920718
8.69072204655
8.51384398295
8.56823467124
8.51591119064
8.91716553376
8.71508362913
8.70332911857
8.76210561586
8.90910722108
8.79182457341
8.73546464003
8.69044179587
8.92526753766
8.73013181517
8.72553181411
8.79956072187
9.10589888908
8.73469063661
8.9667156512
8.93078713358
9.24060972604
8.9850627131
9.0316323984
9.0017626114
9.33914009688
9.09265742369
9.17990412649
9.09921253591
9.32860962368
9.15816584852
9.02797047959
9.20152247733
9.31544167424
8.92045991735
8.92339151112
9.1698986294
9.25346053781
8.99718672597
8.90433452046
9.17715924352
9.12327527319
9.03313720023
8.70458602949
9.02599606543
8.7593673534
8.79602236705
8.71289258159
9.02894370095
8.93598201055
8.75177459116
8.60954081553
8.73035210454
8.75390363599
8.61003357498
8.56315060555
8.65673529008
8.74281092522
8.52154050087
8.31689783865
8.57892424567
8.44003144334
8.50037862708
8.43436875017
8.64203626551
8.36766937799
8.32921461504
8.23894143431
8.56417147276
8.36166670747
8.20531003699
8.09760342889
8.46402683844
7.9491914855
8.17263706985
7.96412543239
8.30972937225
8.26609342555
7.89829122648
7.87582148797
8.19663334488
7.93715507094
7.89848417477
7.77614148366
8.15944144385
7.7989012764
7.90152843918
7.63332027088
8.07487578082
5.95423521561
7.83997100801
7.78909886489
8.00389729181
7.25786244359
7.5921064744
8.07240527851
7.58857852095
7.78793633778
8.05014443793
8.19704378562
7.86890851977
7.46614664366
7.92426057206
8.17092232012
8.03328393511
8.03086236588
8.12167940509
8.29935732375
8.05436217512
8.26461619518
8.27824336984
8.38631226072
8.10874957437
8.44620265281
8.28754836384
8.50010187176
8.31536694415
8.65584648684
8.38339688971
8.410608048
8.40263757161
8.51636014727
8.45134788817
8.66127561166
8.46471829042
8.62687807164
8.5712163452
8.80741617677
8.65850283219
8.91792532041
8.79963766202
8.84732862589
8.70125298901
9.03300574976
8.87011940685
8.84208528013
8.8617921414
9.12187208266
8.83562756167
9.01609660311
8.91937827346
9.21447326107
8.97359950571
9.04898031584
8.99445250766
9.24174692984
9.03219548161
9.0896603237
9.00911297104
9.1491495367
9.12574786614
9.43743018013
9.1459082616
9.50258188175
9.32924188162
9.09615123448
9.19497150307
9.27177218422
9.11534988818
9.06851579221
9.43228367466
9.34268074139
9.01669710572
9.05950426352
9.11893370342
9.04825651758
9.09122006434
8.8601210917
9.23642343671
8.87892871774
8.90960745401
8.69133222023
9.14666586125
8.99858468508
8.65112015699
8.64796753116
8.71951513353
8.829927598
8.81464501258
8.60311502395
8.9080214467
8.62512146719
8.60292357652
8.50995414193
8.82016627295
8.55023194039
8.59875612565
8.43275835528
8.71531267079
8.57399799007
8.52259948173
8.24418538804
8.61334966208
8.50394156231
8.41408795214
8.1517527861
8.40617884943
8.14519523756
8.17016582551
8.08875767477
8.42009602988
8.05687474424
8.22072216393
7.88006362211
8.34299985153
7.98683421401
7.93152816161
7.90848729277
8.25682193567
7.8373924153
7.84068396171
7.85407739948
8.08305814341
7.72973589405
7.68614636912
7.80687434595
7.93429246791
7.25856133924
7.62442906697
8.13419239707
7.86332883858
7.86609807981
7.91043614198
8.19190787345
7.92305935456
7.97278510484
8.08158413256
8.35836266664
7.96254215614
8.10798971832
8.24301733617
8.43776927665
8.23407880348
8.32544396539
8.29359780266
8.51887806499
8.30257975373
8.44807350651
8.27076419445
8.60300511088
8.30060114913
8.51744438457
8.51858086511
8.7165818895
8.46279318038
8.65510795616
8.61588790477
8.84422498504
8.59704478225
8.81046508854
8.71102324964
8.92162660236
8.65682932588
8.81589026203
8.69849823682
9.01399797941
8.70012074172
9.1274928151
8.82838196617
9.09003755789
8.82823779721
9.21351115846
8.98088394818
9.16752376723
9.04308452825
9.30139719966
9.04311124736
9.16694881709
9.12787885399
9.43013073946
9.10825696931
9.25505207738
9.22670595307
9.41596104276
9.32555777594
9.33595879857
9.30674390923
9.45404996782
9.42072553995
9.39566585573
9.41419690263
9.48525992446
9.3547317372
9.23256395965
9.49750238498
9.38619373914
9.22552502614
9.11496405206
9.48017100747
9.08399689286
9.16971347217
9.00181533198
9.25299139543
8.90849206152
8.98976260432
8.86221409312
9.11183022714
8.98868265854
8.92863820836
8.82189690025
9.05547807685
8.83417211597
8.75505041215
8.69845895281
8.9857858519
8.77628236286
8.76333548563
8.56791902629
8.93192753934
8.71090018811
8.58181778977
8.51137859171
8.54186099679
8.50337329815
8.53432834446
8.40452422691
8.71282730372
8.34264485714
8.32421324523
8.28743791162
8.51244157869
8.2214406526
8.24428891473
8.18512636427
8.40644792907
8.18263679988
8.27265868842
8.06082400365
8.37424901348
8.07371202339
8.12627760885
7.92648203822
8.27202516642
7.97994297538
8.00437534462
7.8733546275
8.21649305678
7.73648538357
7.79614107354
7.78252298472
8.09633125768
7.62648627006
7.87570756707
8.01635932307
7.80280599828
8.10531700046
7.94170451833
8.10411556192
7.66053957375
8.16712565732
8.10510384432
8.26701945191
8.08861077014
8.19585947672
8.30431311022
8.19292929528
8.21265551269
8.33674543508
8.43995897777
8.33890494176
8.17156257249
8.41905333728
8.43216083978
8.61309945693
8.31993099077
8.54629640075
8.5927399986
8.72372796353
8.459120689
8.73948511717
8.67518259365
8.64069672614
8.60181844387
8.85953078892
8.68148426497
8.94599039126
8.55459353905
9.07157221302
8.89035391503
8.8909243984
8.88026950437
8.98164747626
8.99112909157
9.25260612221
8.93998561802
9.26830715677
9.10170052452
9.3306427127
9.11191493266
9.34930661981
9.20881586824
9.36441420016
9.16494876482
9.51306679288
9.4106442506
9.39593245701
9.30655425407
9.59691855698
9.28514662936
9.51739171804
9.41987176785
9.80088024696
9.4607199322
9.44275162828
9.50411231841
9.63855256485
9.4618900229
9.26203557783
9.4546250936
9.39596606125
9.3708339778
9.22759732993
9.45188034135
9.10573327838
9.28072318459
9.20500288609
9.46649198371
9.2015728101
9.07890093921
8.95790029076
9.32262922823
9.0746405941
8.99427562612
9.01881329692
9.20233190364
8.89888532449
8.87280946837
8.86627646582
9.13299828832
8.8443984895
8.81355773101
8.77180798127
8.83575294996
8.70241398518
8.5880643102
8.48532939841
8.8395264053
8.73516968163
8.47451508817
8.46590309663
8.46130656825
8.53223523958
8.38158844262
8.40423279289
8.42418207186
8.36335952497
8.3313781289
8.2506998436
8.44234773693
8.26306469913
8.25114296054
8.05832952785
8.30577349575
8.19880825994
8.22100654067
8.09266700765
8.28534640518
7.99553435317
8.05502428422
7.94821774577
8.23746505409
7.99314558704
7.90003455903
7.97744366865
8.09953178205
7.99453997655
7.9488958722
8.05117119371
8.02252820681
8.05198996168
8.05548382142
8.27757422478
8.04757935987
8.15204210492
8.12242729063
8.31989336626
8.10670673682
8.27864078022
8.18060719801
8.21084284304
8.15755673123
8.39191247914
8.31273866452
8.61493060034
8.29678103039
8.53837494518
8.55518921466
8.74840803132
8.51599944489
8.74199364551
8.63372564632
8.77292908297
8.54978447846
8.77369408083
8.74423789523
8.92488121959
8.70257271055
8.98183957719
8.77849336511
9.08114647342
8.78227760394
9.0424012477
9.01718302291
9.180654363
8.88045503917
9.15240923828
9.12522103037
9.35285064811
9.03275316984
9.47221871719
9.19554782456
9.2345740935
9.21796818968
9.44245415183
9.28368069998
9.37163488347
9.3479840682
9.68294367093
9.42191497802
9.48006496833
9.40061783261
9.58381312695
9.50948548845
9.71630094342
9.39914617433
9.89554482595
9.72934716845
9.63133195558
9.56933323662
9.71858461327
9.58225037373
9.44365322044
9.77965938837
9.56146018814
9.37222759454
9.28795326607
9.65086602325
9.42302744611
9.38513025476
9.21909217794
9.46098473142
9.44393633212
9.19650620417
9.17432848429
9.35500114595
9.07561733024
9.18537699689
9.05242174004
9.29547442488
9.16108451278
8.97140845156
8.85273641656
8.86941322233
8.86178262288
8.81451361436
8.88184199086
9.0882268011
8.81935326835
8.70810472594
8.54964274176
8.81029356615
8.68201782759
8.60162314219
8.52676660559
8.5897159606
8.62011355522
8.41277127744
8.31346517687
8.68160037895
8.61411164432
8.22471408646
8.22838823731
8.37623913308
8.27623365591
8.2755930758
8.2071879083
8.49728714684
8.22787096944
8.1757990656
8.06864693111
8.39192571828
7.98613095554
7.91460925788
8.08785419212
8.1428133548
8.09995364712
7.98176708162
7.98286875443
7.91281010424
8.04711029421
7.98264080565
8.07629462993
7.9532757869
8.05214977009
8.10906074882
8.34864404571
8.2608806375
8.24678554963
8.24669144486
8.53287087897
8.03959590203
8.29874170985
8.28811324746
8.50105145169
8.29821047135
8.50834744215
8.37808247755
8.65463876598
8.37783286534
8.55625541945
8.64048024103
8.77032950728
8.52860018561
8.74258587879
8.71553840845
8.71525909092
8.60964091671
8.70292506244
8.74653868583
9.12284183267
8.68750508198
9.0237954073
9.0877318715
9.09394431484
8.74200305467
9.0137139239
9.10695013687
9.38944037632
9.0438552923
9.24470903971
9.27252449771
9.45753077662
9.18722312854
9.3431530736
9.28635548887
9.51954645809
9.28455974734
9.40298076541
9.26533274906
9.6743897855
9.33057303647
9.57603908677
9.52420847422
9.76622641639
9.56151462256
9.65347769922
9.58499216486
9.88254077063
9.61099365111
10.0
9.89785717908
9.68233663304
9.8997315676
9.87487610784
9.6824534395
9.44377913644
9.69675285441
9.57473779115
9.53739514655
9.54629028556
9.7633418405
9.51813028149
9.47539278427
9.28823138969
9.70115664171
9.50602677064
9.29299472568
9.23238280656
9.60118573985
9.21920439788
9.23493226116
9.0517795678
9.50004380111
8.98886759529
8.93823455706
9.08740183352
9.39092423235
9.00541798502
9.12910970545
8.91730845308
9.26270691705
8.88213653182
8.89978169505
8.88154171277
9.12440671727
8.70365639789
8.84984850992
8.64278836611
9.00647399445
8.59448376567
8.56934621068
8.47352242264
8.86011582549
8.50240818412
8.49232997818
8.40973233958
8.69504571269
8.40472773372
8.38263599932
8.28971303457
8.61174722853
8.21045906447
8.31153153216
8.10239227339
8.44223919042
8.19302949239
7.9821884504
7.98630301352
8.00990263525
8.0221157794
7.97394639522
7.98895805937
8.08894748208
8.03579333667
8.02868531388
8.19822138391
7.97910108887
8.09206659023
8.25760610222
8.26274284294
8.21440187367
8.23913620968
8.28797346526
8.52674751302
8.24679965798
8.33796284854
8.29525241668
8.37987050725
8.25860120943
8.53650556898
8.39361677994
8.72145469748
8.36877541181
8.51135635649
8.64725268445
8.81287020913
8.51286280413
8.8528276563
8.68678716775
8.76359111429
8.5942378143
8.82118726305
8.82533470961
9.04696609395
8.83943912527
8.97986449427
9.0112321529
9.23935499918
8.94967933666
9.10891214281
9.22808371626
9.30078404659
9.22183124958
9.20110535436
9.15559475833
9.53374075785
9.2876562653
9.21651291831
9.32357654812
9.53429542181
9.33446420596
9.46774034364
9.47205310449
9.73219251556
9.4371799058
9.66860688305
9.73672077283
9.89605202006
9.37143159561
9.61195634061
9.89973892967
10.0
9.89990746721
0.0
0.0
0.0
0.0
9.72623709186
9.8999999656
9.63948035011
10.0
9.50570042276
9.60870277401
9.5649799613
9.89413212321
9.41833312706
9.56465023208
9.51258165598
9.76793002833
9.262399984
9.49734920364
9.39277066895
9.58521408532
9.25187078133
9.35199863971
9.19129573345
9.46677734454
9.22263813395
9.09209463129
9.08488502919
9.44259256782
9.05224942402
8.99625637117
8.84438427622
9.20949899679
8.89224978653
8.82709409831
8.82190120428
9.00119154709
8.64029128139
8.67467979477
8.70728851436
8.85838735496
8.60941643464
8.61683178139
8.55230056902
8.86179510873
8.65171730363
8.45776817909
8.44249307922
8.83241839004
8.32050258832
8.49066018007
8.41275603116
8.57576948711
8.22326572115
8.23132806511
8.2097724705
8.4359551567
8.0411998511
8.09411641799
8.01208728061
8.38805191062
7.97483210466
7.97700099649
7.94686666571
8.20773881391
7.94526759292
8.10594578447
8.15046806433
8.11064641494
8.13256003096
8.22840977184
8.13303166164
8.12722096266
8.22062011059
8.38020214669
8.16414310569
8.13681284046
8.22536036793
8.3493493255
8.40439750297
8.30765466858
8.40450249905
8.38185062864
8.81247979102
8.31353790106
8.53129864364
8.37831689379
8.71044782952
8.59801082463
8.5963319383
8.62540345118
8.98917589027
8.61124595847
8.846380977
8.97437259811
9.06367969429
8.9152796019
8.94055977547
9.15605264018
9.0787843548
8.95984332976
8.97501106288
9.31874930671
9.07277912454
9.0439587541
9.10130313466
9.36420942412
9.37424436668
9.06769126706
9.28103583495
9.50612895341
9.28385783618
9.24743815136
9.4436682731
9.52017746142
9.65828668547
9.28892506674
9.47892554723
9.58057848349
9.79583030484
9.61178514394
9.63864338143
9.86347922785
9.61182824226
9.59267019276
9.75305145625
10.0
9.69468564991
9.89749512841
9.61594157103
9.8999432164
9.57909245069
9.71059271236
9.55489056614
9.74227199463
9.5114455452
9.55721468685
9.36581654379
9.65437380466
9.3881015797
9.57572913704
9.35167897884
9.38167656707
9.24859540583
9.24064515791
9.18337805395
9.47384155215
9.14830439464
9.28544869817
9.07118895273
9.08687592456
9.07158399541
9.38532765217
8.97932809166
9.04297841982
8.91805251164
9.24892606462
8.77232815166
8.902313245
8.79996295494
9.08277712105
8.61582398983
8.83353601011
8.76658670795
8.74430512756
8.49396037554
8.66265500288
8.59836718834
8.75621494549
8.42574449608
8.70589126607
8.41555602597
8.62315978895
8.21874014418
8.49769413169
8.31762512445
8.33208923777
8.18226828801
8.19875948251
8.20718103885
8.43682678126
8.14525392578
8.03231292296
8.15612349714
8.35120512787
7.98475148885
8.07918341316
7.94379315856
8.13815621116
7.88087976551
8.01753051655
8.17106237795
8.02198862637
8.01186458761
8.13596075762
8.21130768409
8.19848803846
8.12756040056
8.15354678636
8.22692765931
8.16208536963
8.21426358028
8.27511435255
8.27126106825
8.12080315291
8.44486986348
8.67393126493
8.30677639264
8.32031721652
8.4887546388
8.61509791699
8.74121130551
8.51833781295
8.64226267878
8.86531324206
8.70386103239
8.58398106372
8.69428401556
8.83548841154
9.00509639422
8.80788108377
8.89927266839
9.094169987
8.92458992439
8.91041274096
8.93320367861
9.2182940995
9.00140335112
8.99709600873
9.01029574044
9.2318207941
9.32151208174
8.94108407094
9.1320770969
9.23113214266
9.3889399875
9.2279058076
9.30084061222
9.33620219804
9.51493459239
9.25095389312
9.42986119774
9.49778625706
9.67094078233
9.46407159421
9.43692732444
9.69132429413
9.54977252344
9.55030374027
9.59215166949
9.89999998918
9.560445114
9.70063655491
9.5071847443
9.80032540983
9.59475777645
9.70691238133
9.43202589815
9.60116159537
9.33735499812
9.6904140263
9.28965178201
9.32727234891
9.30751336234
9.56188790552
9.23918675936
9.40213287997
9.13951467751
9.44783288219
9.01331418477
9.27538765955
9.08941822748
9.31046285127
8.98773503682
9.2522136029
8.93652519067
8.99067378881
8.87358609912
9.03081672247
8.87467241219
8.95158367211
8.66525615114
8.98006477111
8.80883108379
8.92581414279
8.56643178735
8.83592949049
8.72687601433
8.91138733281
8.51598456309
8.59439596658
8.60076141166
8.77289335977
8.44418331158
8.58091037713
8.41769198148
8.70521528986
8.1989843213
8.24312765146
8.26944136174
8.60954706302
8.16520668459
8.19144573762
8.23070031973
8.42659027998
8.03589062642
8.26672710517
7.91108448863
8.13713668218
7.90161949688
7.89983495946
7.98731311577
8.06478131224
7.98723719868
7.95694454102
8.11349947518
8.00777064233
7.97083278188
8.03273035655
8.10649351049
8.06204649396
8.05184478284
8.10588565954
8.3367349181
8.12679824561
8.23023819506
8.279099089
8.47733577301
8.10290566496
8.22440351493
8.52355233565
8.53288235051
8.307517229
8.43934023033
8.63809730078
8.50368011954
8.45007127468
8.40586000741
8.62865810909
8.8328044073
8.47363485835
8.57953861958
8.8695480347
8.67166309457
8.64560271647
8.7991460395
8.97690531791
9.04536095075
8.79941348307
8.851250956
9.06459299269
8.97334095676
8.96436211991
8.96416563174
9.2829336537
9.068742953
9.0273510925
8.95339281391
9.23415380972
9.23825590695
9.15006721883
9.06906678962
9.43314260317
9.28559858309
9.22006909011
9.13819748315
9.56929236828
9.29329926877
9.35378569279
9.29882702536
9.66064359252
9.42143784729
9.48153162863
9.41376863269
9.80099761962
9.38995869314
9.42007752462
9.41222532897
9.43296812423
9.38604807705
9.69410187443
9.28821572694
9.42470585152
9.21878448996
9.33192625775
9.20160936249
9.28626755695
9.05564115776
9.45508433313
9.03125202049
9.1214582133
9.09873931154
9.38898667428
9.0096894976
9.03408027956
8.9052507189
9.26908222417
8.79926443602
8.94400941812
8.92381192311
9.1301141617
8.8616489474
8.895997432
8.70999693728
9.05033902171
8.721863902
8.9141671141
8.68850003789
8.75842188095
8.63109881073
8.80119910783
8.59583838142
8.65576960995
8.52115302274
8.50341277959
8.54090413236
8.71537095254
8.23008799866
8.37114440965
8.34794377918
8.64378515333
8.22252597092
8.39620492565
8.18743508969
8.56502583949
8.18004593922
8.22413249627
8.0653654151
8.4325293997
7.95889244253
8.05643436477
8.04706968209
8.24645010305
7.88132662571
8.04911655375
7.95420531265
7.97944986502
7.78509968162
7.9029675222
8.06040323138
7.92264116323
7.88245225146
7.95294326672
8.10455927274
7.92656203182
8.0304551514
8.16719402052
8.22248817265
7.99955229403
8.15208595406
8.33841034606
8.2763323721
8.22632307589
8.22407643966
8.42027771837
8.41164039512
8.36537275046
8.24190008311
8.36697964283
8.58825377428
8.26253298398
8.47148644308
8.60532643603
8.70056621312
8.6238831897
8.53332319257
8.62508809791
8.78454040663
8.67219412456
8.66916322281
8.75259485735
8.83282754606
8.65160434507
8.73741935605
8.93008418268
9.08311992024
8.8988601161
8.89941533861
8.95990838733
9.06987144975
9.0059679375
9.02156347271
9.13311701939
8.94294818577
8.95529910002
9.13638272277
9.06948446359
9.22859629185
8.91092783364
9.07925074646
9.30738560625
9.27433460749
9.29509397059
9.21472757105
9.31217878956
9.6052849715
9.33950558315
9.28767305567
9.70269263767
9.30193573703
9.37732994593
9.3254709424
9.58359588699
9.25305992319
9.36692290123
9.20128832863
9.22501184817
9.22507670826
9.40970822533
9.14261319789
9.40307432472
9.02185207559
9.24281848357
8.9322780644
9.07246737976
8.83968305559
9.29909174549
8.82858954865
9.17320964721
8.88610778849
9.01339459154
8.81125044656
9.00264605108
8.79146453907
8.78513675755
8.73997662475
8.84244550752
8.70079112859
8.90339251787
8.54390900454
8.78931508691
8.63597844579
8.88632070095
8.40339782094
8.71511712192
8.40987737304
8.58395988272
8.33557437189
8.62117529367
8.4003584114
8.46440567176
8.27243764234
8.25904425919
8.25179827283
8.54734402339
8.11839979419
8.35769571041
8.16397399966
8.21977323311
8.11537130178
8.27254442968
7.97708598353
8.11712712062
7.87576296185
8.19835958036
7.91383676821
8.01451679798
7.79256339356
7.94905149374
7.85163505212
7.93853921271
7.79884014402
7.88294795484
8.08037143665
7.78478653569
7.81271277308
7.95160137837
8.1479026713
8.02430997277
7.89523710677
8.10141162679
8.16262174558
7.99344069782
8.01435534845
8.18029113661
8.38905570825
8.09196925144
8.10606634361
8.26043180029
8.46889533242
8.20121993582
8.2439781555
8.3743332203
8.50599856167
8.25214763191
8.31384271133
8.45953724198
8.6581393154
8.47820782944
8.37402011475
8.66317342337
8.80146001299
8.60215994378
8.54680884592
8.76523029499
8.64747607316
8.58774258793
8.5900824417
8.86515390233
8.89009909017
8.77854031607
8.73129699495
9.08022894405
8.84594893615
8.94074171645
8.866740631
9.09461723288
9.03442955688
8.97932740196
8.81109688777
9.01107917896
9.05345418036
8.99361201879
8.99997341363
9.07670591454
9.27962164165
9.02822468974
8.99668991199
9.45921084104
9.26705801169
9.26759887191
9.07383180483
9.60381142022
9.32831787261
9.25692253193
9.19389372453
9.27055771666
9.08967077977
9.4902949764
9.01133003654
9.35020230513
9.089957934
9.14238571379
8.95871309725
9.02873333929
8.88921174836
9.13537156216
8.91462092115
9.1847138267
8.86967996085
9.0263217792
8.66600797306
8.86259473283
8.8500629724
9.03985226939
8.61406625096
8.91932002613
8.66959126684
8.72058067316
8.55618789978
8.83340228855
8.65461613911
8.6988230283
8.4655047697
8.62830842996
8.35301825311
8.68567072981
8.43546502544
8.42918954193
8.28394814355
8.70497423777
8.29863079886
8.51949097363
8.31312070277
8.31846428769
8.10498241563
8.45268242561
8.16412687701
8.28341072985
8.02519248344
8.10395524833
8.09986842928
8.35198953852
8.01972000772
8.12397102394
7.99017698919
8.01688877772
7.71046460585
7.9219328368
7.89638989206
8.13960370995
7.68425237543
7.87779647704
7.82706618623
8.00006552562
7.66069191042
7.80709738452
7.94467598808
7.83312175348
7.74287155216
8.10158526744
7.98527790341
7.89394215784
7.88245122563
7.94519565225
8.09637280884
7.9107761502
7.92552167807
8.2701712504
8.00588440984
8.05450360771
7.96994781827
8.34720567108
8.09151672214
8.10202875834
8.15359615882
8.41510209573
8.37441081538
8.23805263061
8.19284813875
8.52091238106
8.52874589356
8.40738918223
8.36734113248
8.37037178237
8.58244773535
8.31499878363
8.46749362262
8.71842402312
8.67860189673
8.33895702838
8.50690375365
8.7259546926
8.85987914782
8.6186563046
8.57617542402
8.96894402228
8.81663778262
8.6506080518
8.73609286357
9.01539029676
8.87242109706
8.77609816066
8.74515850837
8.82162188668
9.12630824346
8.90095990966
8.92712207377
9.19999077906
9.01029892288
8.89953364577
8.94784658229
9.25616678667
9.01051754786
9.03838004982
9.1377523096
9.49178436216
9.2247788189
9.2992066385
9.04812679846
9.28968689473
9.00460758772
9.36190120125
8.89092652019
9.24233368861
8.90456447869
9.15172816754
8.83504418612
9.00358526467
8.89982213872
9.13127577617
8.80081674166
9.05900242129
8.66599729266
8.85601693979
8.67421582271
8.82236547157
8.7256727824
8.93937708304
8.63241817321
8.77863464255
8.56956882292
8.64341620884
8.31913462451
8.7701803787
8.54070936199
8.66595102707
8.31453689975
8.56094374117
8.43087337079
8.67806330413
8.31738615001
8.2775582399
8.26141548121
8.54534225276
8.15876203478
8.41581068888
8.06218596926
8.27879903202
8.01485061785
8.26879656484
8.09185121172
8.3178440242
7.95906958752
8.24397896941
8.03531309621
8.25825673334
7.82886035107
8.10415430361
7.88252110863
8.14766436966
7.74654049896
8.07579722088
7.81509095
7.8585737334
7.66759415272
7.80723385942
7.74777301518
7.76990342878
7.6326669245
7.92276825619
7.70822531319
7.80629374376
7.73267634824
7.79374765435
7.98775557109
7.68283725545
7.80110798581
7.96624704348
7.83482038323
7.8204534393
7.79824043031
7.93236308452
8.12065310424
7.91410945695
7.89955485212
8.22227294968
8.17355560117
8.11250463907
8.06671407362
8.27373691524
8.35669822925
8.25498220575
8.10749581477
8.44386361304
8.29226747796
8.29622356337
8.2462101855
8.55159006098
8.34752932999
8.41119092067
8.42505093709
8.61963631511
8.5764197661
8.56050680536
8.38180015785
8.71262323211
8.5935305
8.61204777497
8.52637754809
8.63245499397
8.59243999534
8.57103706396
8.64981519829
8.90585554713
8.78111777106
8.75762702253
8.72290887974
8.9923794306
8.76552132687
8.80669505121
8.7318066724
9.01848428739
8.86065335086
8.90362570862
8.79348342624
8.90516372153
8.89076881554
8.94169049259
8.9963292066
9.3784840558
9.06929432036
9.14352873157
8.92787854921
9.00316415073
8.87203041946
9.2806874472
8.87416622354
9.16566919733
8.93809706399
9.0706965801
8.82570459741
8.82196836899
8.71592506351
8.89610236854
8.69710140824
8.81437543317
8.63762716736
8.92984865574
8.49324269101
8.83369071512
8.64729455438
8.67921673832
8.43912926213
8.59899578559
8.38524086772
8.72794426555
8.34399416529
8.71764976353
8.40101528263
8.41484407827
8.35087020516
8.28795376268
8.34694858583
8.61967231579
8.22803563253
8.22730347201
8.18567845289
8.42502053986
8.13536307216
8.32011641056
8.10931013067
8.17014265588
7.93893310486
7.96056665092
7.89654760242
8.23731661937
7.86553693818
8.01789182918
7.90586036861
8.1306438571
7.84991412171
8.07239170897
7.8951325366
7.86231766048
7.65151742908
8.00649958452
7.75106486052
7.838034634
7.52534700825
7.65572375078
7.64018368361
7.91031510981
7.58184159738
7.74595962551
7.79218400513
7.6739338477
7.57578829979
7.86769573475
7.75170015639
7.74141737421
7.68899520892
7.86184456445
7.9017742058
7.83804695934
7.83645063225
7.92956717578
8.11630506693
7.8631947672
7.87961112211
7.94257949123
8.15154814353
7.98845547436
7.96179071664
8.2358494738
8.1412844366
8.06686784717
8.09558630784
8.21887212244
8.34726016035
8.14700687652
8.0765560327
8.25161136038
8.44359237319
8.29327754779
8.17461420373
8.45001596629
8.41921413815
8.38032489941
8.29220665476
8.61764881191
8.39087642115
8.32222547364
8.41149081834
8.56154275274
8.55421769574
8.59816498799
8.5037236465
8.80886533877
8.51569396808
8.52931305666
8.53720120437
8.79812858418
8.72097265385
8.67862324319
8.54207327201
8.7258164792
8.81257338646
8.69939706029
8.71769884272
8.86911817601
8.82557098781
8.80289493396
8.88517657448
9.14507953344
8.87328466538
8.96215830626
8.7662017236
9.14069707472
8.73106600818
8.9697461337
8.81311000529
9.05083435687
8.69008359915
8.84978396145
8.66375521719
8.92367315669
8.65475939807
8.74927279073
8.46115897253
8.86016275523
8.54853868105
8.76569043267
8.38605683778
8.73963753128
8.43018626027
8.71692675341
8.45612457888
8.3582273341
8.38797440528
8.66518461533
8.2187175442
8.35549400582
8.17169150482
8.59650809375
8.23555821339
8.29445172401
8.1762286298
8.50679773337
8.07495289421
8.25966393428
8.11386002749
8.29805304509
8.03763075804
8.24004454103
8.0589882062
8.15161892092
7.97329982174
7.88646283594
7.91218899316
8.09680194855
7.75853156497
8.03391073014
7.74719994426
7.97461955783
7.71265922588
7.80106684273
7.66886822542
7.96949554705
7.60400558364
7.75955423585
7.68928955395
7.85031705999
7.49872496073
7.78596847331
7.67166144041
7.67419485561
7.42939437462
7.70529167656
7.68957988749
7.591312445
7.54691705608
7.75051297279
7.51818365127
7.58134275736
7.58941056309
7.80028695146
7.73669078146
7.71923372187
7.71055445908
7.83406112912
7.9052812003
7.7966354297
7.76402733516
7.86227738216
7.87922886714
7.92904350989
7.89855143947
8.09688474586
8.17352301937
8.03122248643
8.00108720201
8.27506869685
8.14775701175
8.13492513048
8.03619830366
8.09092441024
8.40293786686
8.11408341842
8.18232822177
8.22735541446
8.37387944258
8.13072020451
8.23966261398
8.56064035448
8.50480124786
8.28287684205
8.22807560728
8.41164429118
8.59537300083
8.42884900243
8.4646904231
8.51325598715
8.55999821833
8.43881446914
8.49120636973
8.71088296645
8.51351490528
8.47109679337
8.55615778935
8.67485626149
8.54477446048
8.49081604307
8.6818165439
8.94573816476
8.64729104182
8.68763052392
8.7186042369
9.16456049288
8.87993970431
9.00708990758
8.70174845043
8.75108660165
8.46662296966
8.71264212586
8.63641679181
8.9319335992
8.62063275829
8.79995187788
8.50050338534
8.79721824594
8.50583255282
8.6461472069
8.5165203429
8.71663053994
8.44967690489
8.54664756119
8.38889419945
8.57780570209
8.37132717227
8.58660578796
8.34395711552
8.49320301273
8.26421601543
8.53973375186
8.14347471558
8.22736526187
8.04170977565
8.48524998453
8.17903879204
8.39945909185
8.13458439342
8.15521513427
8.03528827467
8.14226096094
8.02909341674
8.30709166427
7.87337127088
8.13136208096
7.92829201737
8.0112584154
7.79298813455
7.9509591161
7.87331447278
8.05227649931
7.74625400344
7.98634165997
7.73131300236
7.8445963843
7.70742824884
7.87605321485
7.68477762507
7.748432106
7.50360838035
7.67666193669
7.49302971195
7.77592131732
7.44398021499
7.54045582763
7.5258104124
7.6863725397
7.30145898091
7.6105820842
7.59416731788
7.5442384565
7.46502164457
7.57730601261
7.66598120382
7.52492675358
7.5352358865
7.63842827328
7.763286761
7.50499762523
7.56465577011
7.83570338716
7.88125183873
7.75626115209
7.75087192325
7.78974918776
7.95433445139
7.82097751933
7.74863086278
8.02839545477
7.89255302193
7.89832376085
7.7891509252
8.0590728722
8.08296881929
8.00019610048
8.03073651885
8.31122104835
8.11536895074
8.14517572447
8.02162275628
8.21111170853
8.30875109151
8.10210636596
8.19232048382
8.09076972241
8.42798516502
8.26552227045
8.18737264061
8.33873684987
8.48528331257
8.31758270799
8.35061671073
8.59795540078
8.51541209695
8.43652912336
8.30527634594
8.66933679907
8.50194829254
8.38300536888
8.45723231046
8.67676954938
8.59774949572
8.57169227876
8.41903314013
8.84282392016
8.54037745725
8.60909797178
8.51527583885
9.05653481243
8.6207090609
8.58884310665
8.55726854937
8.72702082377
8.60308045218
8.88163661073
8.48686321658
8.750868697
8.49025545371
8.55385337926
8.43263774712
8.73047468818
8.36524773087
8.47942264673
8.39016145669
8.35373155648
8.30050411296
8.61780485633
8.12999235239
8.50962788675
8.2481967081
8.3403396608
8.26396104531
8.47191948151
8.13131264837
8.39964352658
8.16320663124
8.12478742295
8.14840325274
8.36484721125
7.95878578873
8.08531947308
7.97566746797
8.27115108385
7.93815336969
8.23439907672
7.85442582166
8.07260763198
7.84859089543
7.91771385591
7.84456452963
8.11172832307
7.76327472243
7.95954983764
7.72901791053
7.83310666039
7.66974666425
7.91247694858
7.6886896196
7.82185789701
7.40275049049
7.62518020645
7.62079600194
7.8280681743
7.42344351146
7.68448627973
7.31393649052
7.62762191133
7.37100039272
7.57956123529
7.44815372516
7.6025960977
7.27563652378
7.52471860535
7.39471365317
7.4300881595
7.30711921311
7.61146658879
7.47867533743
7.41671349183
7.48810691264
7.53392872512
7.61239984907
7.52050377281
7.54883625209
7.81847221126
7.62678816075
7.66408161948
7.62094923598
7.87198423118
7.68382232037
7.70618310044
7.73025175405
7.90464759972
7.79781860124
7.80949917307
7.82172233997
7.99860006111
7.97245555014
7.89953695896
7.8314607916
8.22767075951
7.99658003104
8.0081096967
7.92945614118
8.0568565101
8.18197540586
8.09390200758
8.07103445545
8.26968068947
8.26770669032
8.21409253832
8.08478238504
8.41965313602
8.18676434261
8.19215803581
8.31279353847
8.45194994877
8.29006918857
8.22172054927
8.20786582997
8.29538828304
8.41721464993
8.36188140924
8.38047898388
8.57694023507
8.44677761921
8.34098466318
8.44810647036
8.63080005792
8.45492647966
8.36739296525
8.32055906785
8.84203616428
8.41189487046
8.39437584832
8.40397085154
8.70174053129
8.40111470825
8.54611939255
8.4719080007
8.51176476877
8.57102424349
8.48514806847
8.28863772985
8.62551392887
8.29663937762
8.4360704115
8.32482077375
8.44435228851
8.22430689858
8.51096922986
8.17511740762
8.16956602989
8.17900191537
8.38291237577
8.02219897437
8.15160178016
8.14234054689
8.21180567528
7.95668914121
8.10887743475
7.88360101639
8.18023566814
7.83712162283
8.13753308995
7.87232300102
8.14461566163
7.77505533253
7.94613571882
7.88020103616
8.11631689547
7.76116545616
7.98506583291
7.82162496936
7.80334290235
7.55359853738
7.8325743561
7.71075500743
7.92505317057
7.51859203858
7.67887888286
7.46783631366
7.83785907867
7.45880186128
7.6747109902
7.50438681759
7.75502981021
7.38939751984
7.59363952078
7.40300155386
7.57113868564
7.33974492578
7.34413613751
7.46699124156
7.59732794937
7.22197601175
7.43057344672
7.35563155687
7.35937006735
7.27442244921
7.30869667879
7.51150122558
7.37683541681
7.3351730101
7.49684187664
7.56976836494
7.37703232975
7.43001959776
7.69933328133
7.53482487842
7.53030628829
7.55577208796
7.63279980948
7.77688501243
7.59943819898
7.62405270512
7.91815580434
7.82346096288
7.73870855894
7.74142656499
7.94323667207
8.03028360161
7.87582560197
7.69310707038
8.14438879303
8.00885230859
7.90855587414
7.87754774353
8.04407508906
8.09362618326
7.92401221388
7.89377971034
8.05879724848
8.24502877304
8.01723267843
8.09464168838
8.33803483289
8.2392267887
8.15977190344
8.01756386039
8.1703373043
8.19688099378
8.12893834262
8.09517416166
8.40359683457
8.2151781644
8.20375903234
8.17803456839
8.44148294139
8.30871372797
8.27371928676
8.39135552095
8.70445887173
8.4037622912
8.3942541992
8.25280927427
8.33309378017
8.33035407671
8.3119830381
8.28849155983
8.5590881498
8.33361602892
8.35555314671
8.17306920941
8.49243204816
8.16582529986
8.17435323281
8.2099657567
8.34688983155
8.22802581723
8.39476119585
8.10174288437
8.4274967172
8.19927922913
8.3172228962
8.12951558294
8.18056690579
7.99489503599
8.34816259203
8.00195901048
8.150577034
7.92781610757
8.06688218171
7.90692811673
8.1777207287
7.8935063675
7.9453055883
7.83469132875
8.09072850011
7.78862950368
8.00156064504
7.80920564672
7.89894164275
7.72727943913
8.05813662527
7.70012574165
7.74309109784
7.57943658378
7.94032123188
7.64141764151
7.73290096336
7.51262654787
7.7992086117
7.36840681992
7.76484640468
7.56870838113
7.65265354052
7.36538202709
7.64743398762
7.29413253608
7.37037338555
7.32648408328
7.54580277304
7.38235114187
7.39287021209
7.19493144141
7.53519225087
7.28474895943
7.33744209688
7.05365574141
7.3772363519
7.19781087511
7.24141195971
7.22177807083
7.37478716563
7.46299082485
7.25975411548
7.26709914235
7.42388958898
7.5054283263
7.38303284128
7.39141321336
7.52769794393
7.32618559726
7.37707043317
7.44838163557
7.67371631049
7.60014702859
7.54722462783
7.5636517925
7.64713724112
7.81827558006
7.53181096886
7.57442448514
7.92701462221
7.6827644602
7.74630745929
7.73750916578
8.04536550518
7.7757301984
7.73281307983
7.77615000111
7.9248557495
7.89404590413
7.81359554345
7.86524281005
7.90010229956
8.14490057382
7.84721354851
7.91189950795
8.24677832991
8.11348570795
8.13510369765
7.9456005269
8.07530952668
8.36370865843
8.07262994134
8.02706042072
8.27147369011
8.19014823759
8.19891416475
8.17214730007
8.28005398152
8.34048675306
8.19551108328
8.27263032861
8.57911716374
8.23751653049
8.28128427439
7.97758772352
8.22917651835
8.19210184013
8.38120109878
8.08356567376
8.47226538042
8.29759481607
8.2739317282
8.15961042694
8.20848422397
8.10433084038
8.30715575068
8.08410381287
8.29642921873
8.18318233963
8.17767770617
7.90788895062
8.17289806198
8.11762020775
8.22192409143
7.99727156396
8.24816865014
7.8096450972
8.10287574034
7.91206368539
8.1101677014
7.79840267394
8.05642151839
7.84200953696
7.82713300755
7.792676219
7.96123943644
7.79235418139
7.96697742412
7.76255774553
7.88898296628
7.66788094718
7.96726387494
7.67790429532
7.75632278537
7.51755504584
7.65764439833
7.63375933183
7.8610659662
7.53427788968
7.51865717174
7.36676339846
7.65998853561
7.33385159408
7.67321838995
7.40062472639
7.38299593642
7.2756981351
7.34709411215
7.23488224924
7.49357402603
7.14931819696
7.48420922946
7.29631247386
7.25729963117
7.11418548419
7.43981294578
7.21741594467
7.22299032823
7.01184497039
7.29177554241
7.06393292252
7.17993074527
7.07027745447
7.37683541875
7.30830056288
7.17027750805
7.22423838347
7.35220435307
7.3862251879
7.38019958637
7.23527634943
7.40042883275
7.47834551941
7.3931818484
7.35031901557
7.43246954162
7.60969655016
7.40813029506
7.52806037765
7.58180027564
7.69603482916
7.55742382948
7.50538326056
7.59324061529
7.83776860972
7.60145991922
7.52064761167
7.91129252328
7.70183408578
7.74171863732
7.5915626245
7.88919254095
7.96702733183
7.69945961126
7.74143473193
8.15755828485
7.80038290326
7.9044498523
7.78993806749
8.15618597406
7.92938752844
7.94350904944
7.91855607484
8.25038553246
7.93782676859
7.98426714667
7.91529020549
8.19523031513
8.13754100347
8.0959805372
8.09051906726
8.2665890765
8.13932835479
8.15927806379
8.14380855954
8.34774236603
7.9926962344
8.04362721649
7.95453401386
8.15561908622
8.03234774527
8.25345406992
8.10752487715
8.3163661953
8.04363777155
8.02008603459
7.99507696577
8.15919727434
8.04526167493
8.05009400306
8.00005360166
8.21878801969
7.87145640099
8.0447868986
7.8256328899
8.23445897099
7.91252396074
7.92883037661
7.78465842039
8.13398249626
7.87626586257
7.96278772284
7.76085539196
8.08533636499
7.67468415502
7.86814778825
7.74839184895
7.89308186529
7.75611802477
7.9799360973
7.62438941319
7.88544607106
7.67724952112
7.66839102147
7.63437239834
7.78159238088
7.45427041287
7.61894511568
7.52103003661
7.74496092247
7.44534626994
7.65683714736
7.4242095936
7.44165348868
7.38692941427
7.61254452423
7.36410917542
7.5545497205
7.35975901973
7.40971727624
7.15045637797
7.36713032482
7.21218954292
7.48665832332
7.15849813255
7.36920114457
7.17976877043
7.20193459378
7.03815206437
7.32177075885
7.19715430664
7.19738420804
7.05395395295
7.19884396493
7.04184354322
7.03850817987
7.08596254638
7.30660287306
6.98595962716
7.03667559449
7.20349894182
7.22591146408
7.17473019297
7.2400110742
7.19171670502
7.42264887132
7.18793996293
7.21825424088
7.31447305797
7.5189344855
7.34784396303
7.46850415283
7.52652301169
7.60686240519
7.4577301622
7.51652906531
7.59003518281
7.79810354592
7.28604691797
7.55452585806
7.5150528728
7.76153336219
7.5358080101
7.51788740417
7.56477333966
7.85729939492
7.56887696737
7.58481597294
7.69541976172
8.07310885141
7.71529480419
7.7698755135
7.78188038747
8.04580774738
7.81049810683
7.78490161376
7.85736612003
8.11736312149
7.36146576674
7.82089676538
7.80214413487
8.12741533557
7.72383198801
7.92781238271
7.87730735021
8.19722109393
8.06203464178
8.05387722584
8.05996726291
8.27099448407
7.99721114689
7.99232006692
8.05200239918
8.2278137795
7.90731770697
8.11552326318
7.95627636817
7.9672398787
7.90636375332
7.99073115399
8.00460658876
8.22562934358
7.90796612635
8.02676844986
7.86655820036
8.13341030681
7.86588745762
7.94021427014
7.89980109025
7.93755291461
7.85697750032
8.01666072801
7.7252306877
8.02425260334
7.71265948249
7.86627841643
7.71965541042
7.82161402745
7.68657003258
7.68063597532
7.72712256553
7.65017955316
7.60165001865
7.85299028374
7.64733135014
7.61595568668
7.4727873975
7.74605987459
7.5071923607
7.65207949578
7.4452151625
7.57947557709
7.48884130905
7.60348632955
7.3375857408
7.45682660746
7.42137587994
7.4372350919
7.33458941393
7.54174193769
7.26889722546
7.52765718922
7.16392496565
7.24879788111
7.2913365869
7.35886585203
7.10493788324
7.44363689324
7.23355950871
7.22015237276
7.0814525862
7.22812155207
7.06816972353
7.04331170969
7.04772271866
7.25756547743
Vrange: 15
Reward: 10
Gamma: 0.99
Alpha, epsilon, number of episodes and steps/episode: 0.6 0.9 5000 100