0.0
0.0
0.0
0.0
0.0
0.0
0.0
0.0
0.0
0.0
0.0
0.0
0.0
0.0
0.0
0.0
0.0
0.0
0.0
0.0
0.0
0.0
0.0
0.0
0.0
0.0
0.0
0.0
0.0
0.0
0.0
0.0
0.0
0.0
0.0
0.0
0.00797922662976
0.00558545864083
0.00797922662976
0.00558545864083
0.0113988951854
0.00797922662976
0.0113988951854
0.00797922662976
0.0162841359791
0.0113988951854
0.00797922662976
0.0113988951854
0.0232630513987
0.0162841359791
0.0232630513981
0.0162841359791
0.0332329305696
0.0232630513987
0.0162841359791
0.0174007624462
0.0474756150994
0.0332329305696
0.0474754526117
0.0232640968163
0.0678223072849
0.0474756150994
0.0332329305696
0.0332329305696
0.0474756150994
0.0332329305696
0.0232630513987
0.0474756150994
0.0332329305696
0.0232630513987
0.0162841359791
0.0332329305696
0.0232630513987
0.0162841359791
0.0113988951854
0.0232630513987
0.0162841359791
0.0113988951854
0.00797922662976
0.0162841359791
0.0113988951854
0.00797922662976
0.00558545864083
0.0113988951854
0.00797922662976
0.00558545864083
0.00390982104858
0.00797922662976
0.00558545864083
0.00390982104858
0.00273687473401
0.00558545864083
0.00390982104858
0.00273687473401
0.00191581231381
0.00390982104858
0.00273687473401
0.00191581231381
0.00134106861966
0.00273687473401
0.00191581231381
0.00134106861966
0.000938748033765
0.00191581231381
0.00134106861966
0.000938748033765
0.000657123623635
0.00134106861966
0.000938748033765
0.000657123623635
0.000459986536545
0.000938748033765
0.000657123623635
0.000459986536545
0.000321990575581
0.000657123623635
0.000459986536545
0.000321990575581
0.000225393402907
0.000459986536545
0.000321990575581
0.000225393402907
0.000225393402907
0.000321990575581
0.000459986536545
0.000321990575581
0.000459986536545
0.000321990575581
0.000657123623635
0.000459986536545
0.000657123623635
0.000459986536545
0.000938748033765
0.000657123623635
0.000938748033765
0.000657123623635
0.00134106861966
0.000938748033765
0.00134106861966
0.000938748033765
0.00191581231381
0.00134106861966
0.00191581231381
0.00134106861966
0.00273687473401
0.00191581231381
0.00273687473401
0.00191581231381
0.00390982104858
0.00273687473401
0.00390982104858
0.00273687473401
0.00558545864083
0.00390982104858
0.00558545864083
0.00390982104858
0.00797922662976
0.00558545864083
0.00797922662976
0.00558545864083
0.0113988951854
0.00797922662976
0.0113988951854
0.00797922662976
0.0162841359791
0.0113988951854
0.0162841359791
0.0113988951854
0.0232630513987
0.0162841359791
0.0232630513987
0.0162841359791
0.0332329305696
0.0232630513987
0.0332329305696
0.0232630513987
0.0474756150994
0.0308401595686
0.0474756150994
0.0332329305696
0.0678223072849
0.0474750177179
0.0678223072849
0.0332329305702
0.096889010407
0.0678223072849
0.0474756150994
0.0474756150994
0.0678223072849
0.0474756150994
0.0332329305696
0.0678223072849
0.0474756150994
0.0332329305696
0.0232630513987
0.0474756150994
0.0332329305696
0.0232630513987
0.0162841359791
0.0332329305696
0.0232630513987
0.0162841359791
0.0113988951854
0.0232630513987
0.0162841359791
0.0113988951854
0.00797922662976
0.0162841359791
0.0113988951854
0.00797922662976
0.00558545864083
0.0113988951854
0.00797922662976
0.00558545864083
0.00390982104858
0.00797922662976
0.00558545864083
0.00390982104858
0.00273687473401
0.00558545864083
0.00390982104858
0.00273687473401
0.00191581231381
0.00390982104858
0.00273687473401
0.00191581231381
0.00134106861966
0.00273687473401
0.00191581231381
0.00134106861966
0.000938748033765
0.00191581231381
0.00134106861966
0.000938748033765
0.000657123623635
0.00134106861966
0.000938748033765
0.000657123623635
0.000459986536545
0.000938748033765
0.000657123623635
0.000459986536545
0.000321990575581
0.000657123623635
0.000459986536545
0.000321990575581
0.000321990575581
0.000459986536545
0.000657123623635
0.000459986536545
0.000657123623635
0.000459986536545
0.000938748033765
0.000657123623635
0.000938748033765
0.000657123623635
0.00134106861966
0.000938748033765
0.00134106861966
0.000938748033765
0.00191581231381
0.00134106861966
0.00191581231381
0.00134106861966
0.00273687473401
0.00191581231381
0.00273687473401
0.00191581231381
0.00390982104858
0.00273687473401
0.00390982104858
0.00273687473401
0.00558545864083
0.00390982104858
0.00558545864083
0.00390982104858
0.00797922662976
0.00558545864083
0.00797922662976
0.00558545864083
0.0113988951854
0.00797922662976
0.0113988951854
0.00797922662976
0.0162841359791
0.0113988951854
0.0162841359791
0.0113988951854
0.0232630513987
0.0162841359791
0.0232630513987
0.0162841359791
0.0332329305696
0.0232630513987
0.0332329305696
0.0232630513987
0.0474756150994
0.0332329305696
0.0474756150994
0.0332329305696
0.0678223072849
0.0341444623795
0.0678223072849
0.0389300043815
0.096889010407
0.0678214538828
0.096889010407
0.0474756150994
0.13841287201
0.096889010407
0.0678223072849
0.0678223072849
0.096889010407
0.0678223072849
0.0474756150994
0.096889010407
0.0678223072849
0.0474756150994
0.0332329305696
0.0678223072849
0.0474756150994
0.0332329305696
0.0232630513987
0.0474756150994
0.0332329305696
0.0232630513987
0.0162841359791
0.0332329305696
0.0232630513987
0.0162841359791
0.0113988951854
0.0232630513987
0.0162841359791
0.0113988951854
0.00797922662976
0.0162841359791
0.0113988951854
0.00797922662976
0.00558545864083
0.0113988951854
0.00797922662976
0.00558545864083
0.00390982104858
0.00797922662976
0.00558545864083
0.00390982104858
0.00273687473401
0.00558545864083
0.00390982104858
0.00273687473401
0.00191581231381
0.00390982104858
0.00273687473401
0.00191581231381
0.00134106861966
0.00273687473401
0.00191581231381
0.00134106861966
0.000938748033765
0.00191581231381
0.00134106861966
0.000938748033765
0.000657123623635
0.00134106861966
0.000938748033765
0.000657123623635
0.000459986536545
0.000938748033765
0.000657123623635
0.000459986536545
0.000459986536545
0.000657123623635
0.000938748033765
0.000657123623635
0.000938748033765
0.000657123623635
0.00134106861966
0.000938748033765
0.00134106861966
0.000938748033765
0.00191581231381
0.00134106861966
0.00191581231381
0.00134106861966
0.00273687473401
0.00191581231381
0.00273687473401
0.00191581231381
0.00390982104858
0.00273687473401
0.00390982104858
0.00273687473401
0.00558545864083
0.00390982104858
0.00558545864083
0.00390982104858
0.00797922662976
0.00558545864083
0.00797922662976
0.00558545864083
0.0113988951854
0.00797922662976
0.0113988951854
0.00797922662976
0.0162841359791
0.0113988951854
0.0162841359791
0.0113988951854
0.0232630513987
0.0162841359791
0.0232630513987
0.0162841359791
0.0332329305696
0.0232630513987
0.0332329305696
0.0232630513987
0.0474756150994
0.0332329305696
0.0474756150994
0.0332329305696
0.0678223072849
0.0474756150994
0.0678223072849
0.0474756150994
0.096889010407
0.0507310858491
0.096889010407
0.0479964904194
0.13841287201
0.0968699612524
0.13841287201
0.0678223072849
0.1977326743
0.13841287201
0.096889010407
0.096889010407
0.13841287201
0.096889010407
0.0678223072849
0.13841287201
0.096889010407
0.0678223072849
0.0474756150994
0.096889010407
0.0678223072849
0.0474756150994
0.0332329305696
0.0678223072849
0.0474756150994
0.0332329305696
0.0232630513987
0.0474756150994
0.0332329305696
0.0232630513987
0.0162841359791
0.0332329305696
0.0232630513987
0.0162841359791
0.0113988951854
0.0232630513987
0.0162841359791
0.0113988951854
0.00797922662976
0.0162841359791
0.0113988951854
0.00797922662976
0.00558545864083
0.0113988951854
0.00797922662976
0.00558545864083
0.00390982104858
0.00797922662976
0.00558545864083
0.00390982104858
0.00273687473401
0.00558545864083
0.00390982104858
0.00273687473401
0.00191581231381
0.00390982104858
0.00273687473401
0.00191581231381
0.00134106861966
0.00273687473401
0.00191581231381
0.00134106861966
0.000938748033765
0.00191581231381
0.00134106861966
0.000938748033765
0.000657123623635
0.00134106861966
0.000938748033765
0.000657123623635
0.000657123623635
0.000938748033765
0.00134106861966
0.000938748033765
0.00134106861966
0.000938748033765
0.00191581231381
0.00134106861966
0.00191581231381
0.00134106861966
0.00273687473401
0.00191581231381
0.00273687473401
0.00191581231381
0.00390982104858
0.00273687473401
0.00390982104858
0.00273687473401
0.00558545864083
0.00390982104858
0.00558545864083
0.00390982104858
0.00797922662976
0.00558545864083
0.00797922662976
0.00558545864083
0.0113988951854
0.00797922662976
0.0113988951854
0.00797922662976
0.0162841359791
0.0113988951854
0.0162841359791
0.0113988951854
0.0232630513987
0.0162841359791
0.0232630513987
0.0162841359791
0.0332329305696
0.0232630513987
0.0332329305696
0.0232630513987
0.0474756150994
0.0332329305696
0.0474756150994
0.0332329305696
0.0678223072849
0.0474756150994
0.0678223072849
0.0474756150994
0.096889010407
0.0678223072849
0.096889010407
0.0678223072849
0.13841287201
0.0685664148848
0.13841287201
0.0678413564395
0.1977326743
0.138408517918
0.1977326743
0.096889010407
0.282475249
0.1977326743
0.13841287201
0.13841287201
0.1977326743
0.13841287201
0.096889010407
0.1977326743
0.13841287201
0.096889010407
0.0678223072849
0.13841287201
0.096889010407
0.0678223072849
0.0474756150994
0.096889010407
0.0678223072849
0.0474756150994
0.0332329305696
0.0678223072849
0.0474756150994
0.0332329305696
0.0232630513987
0.0474756150994
0.0332329305696
0.0232630513987
0.0162841359791
0.0332329305696
0.0232630513987
0.0162841359791
0.0113988951854
0.0232630513987
0.0162841359791
0.0113988951854
0.00797922662976
0.0162841359791
0.0113988951854
0.00797922662976
0.00558545864083
0.0113988951854
0.00797922662976
0.00558545864083
0.00390982104858
0.00797922662976
0.00558545864083
0.00390982104858
0.00273687473401
0.00558545864083
0.00390982104858
0.00273687473401
0.00191581231381
0.00390982104858
0.00273687473401
0.00191581231381
0.00134106861966
0.00273687473401
0.00191581231381
0.00134106861966
0.000938748033765
0.00191581231381
0.00134106861966
0.000938748033765
0.000938748033765
0.00134106861966
0.00191581231381
0.00134106861966
0.00191581231381
0.00134106861966
0.00273687473401
0.00191581231381
0.00273687473401
0.00191581231381
0.00390982104858
0.00273687473401
0.00390982104858
0.00273687473401
0.00558545864083
0.00390982104858
0.00558545864083
0.00390982104858
0.00797922662976
0.00558545864083
0.00797922662976
0.00558545864083
0.0113988951854
0.00797922662976
0.0113988951854
0.00797922662976
0.0162841359791
0.0113988951854
0.0162841359791
0.0113988951854
0.0232630513987
0.0162841359791
0.0232630513987
0.0162841359791
0.0332329305696
0.0232630513987
0.0332329305696
0.0232630513987
0.0474756150994
0.0332329305696
0.0474756150994
0.0332329305696
0.0678223072849
0.0474756150994
0.0678223072849
0.0474756150994
0.096889010407
0.0678223072849
0.096889010407
0.0678223072849
0.13841287201
0.096889010407
0.13841287201
0.096889010407
0.1977326743
0.0969570431019
0.1977326743
0.0970590921441
0.282475249
0.197635484736
0.282475249
0.13841287201
0.40353607
0.282475249
0.1977326743
0.1977326743
0.282475249
0.1977326743
0.13841287201
0.282475249
0.1977326743
0.13841287201
0.096889010407
0.1977326743
0.13841287201
0.096889010407
0.0678223072849
0.13841287201
0.096889010407
0.0678223072849
0.0474756150994
0.096889010407
0.0678223072849
0.0474756150994
0.0332329305696
0.0678223072849
0.0474756150994
0.0332329305696
0.0232630513987
0.0474756150994
0.0332329305696
0.0232630513987
0.0162841359791
0.0332329305696
0.0232630513987
0.0162841359791
0.0113988951854
0.0232630513987
0.0162841359791
0.0113988951854
0.00797922662976
0.0162841359791
0.0113988951854
0.00797922662976
0.00558545864083
0.0113988951854
0.00797922662976
0.00558545864083
0.00390982104858
0.00797922662976
0.00558545864083
0.00390982104858
0.00273687473401
0.00558545864083
0.00390982104858
0.00273687473401
0.00191581231381
0.00390982104858
0.00273687473401
0.00191581231381
0.00134106861966
0.00273687473401
0.00191581231381
0.00134106861966
0.00134106861966
0.00191581231381
0.00273687473401
0.00191581231381
0.00273687473401
0.00191581231381
0.00390982104858
0.00273687473401
0.00390982104858
0.00273687473401
0.00558545864083
0.00390982104858
0.00558545864083
0.00390982104858
0.00797922662976
0.00558545864083
0.00797922662976
0.00558545864083
0.0113988951854
0.00797922662976
0.0113988951854
0.00797922662976
0.0162841359791
0.0113988951854
0.0162841359791
0.0113988951854
0.0232630513987
0.0162841359791
0.0232630513987
0.0162841359791
0.0332329305696
0.0232630513987
0.0332329305696
0.0232630513987
0.0474756150994
0.0332329305696
0.0474756150994
0.0332329305696
0.0678223072849
0.0474756150994
0.0678223072849
0.0474756150994
0.096889010407
0.0678223072849
0.096889010407
0.0678223072849
0.13841287201
0.096889010407
0.13841287201
0.096889010407
0.1977326743
0.13841287201
0.1977326743
0.113498555048
0.282475249
0.138451747836
0.282475249
0.13865584592
0.40353607
0.282128143414
0.40353607
0.1977326743
0.5764801
0.40353607
0.282475249
0.282475249
0.40353607
0.282475249
0.1977326743
0.40353607
0.282475249
0.1977326743
0.13841287201
0.282475249
0.1977326743
0.13841287201
0.096889010407
0.1977326743
0.13841287201
0.096889010407
0.0678223072849
0.13841287201
0.096889010407
0.0678223072849
0.0474756150994
0.096889010407
0.0678223072849
0.0474756150994
0.0332329305696
0.0678223072849
0.0474756150994
0.0332329305696
0.0232630513987
0.0474756150994
0.0332329305696
0.0232630513987
0.0162841359791
0.0332329305696
0.0232630513987
0.0162841359791
0.0113988951854
0.0232630513987
0.0162841359791
0.0113988951854
0.00797922662976
0.0162841359791
0.0113988951854
0.00797922662976
0.00558545864083
0.0113988951854
0.00797922662976
0.00558545864083
0.00390982104858
0.00797922662976
0.00558545864083
0.00390982104858
0.00273687473401
0.00558545864083
0.00390982104858
0.00273687473401
0.00191581231381
0.00390982104858
0.00273687473401
0.00191581231381
0.00191581231381
0.00273687473401
0.00390982104858
0.00273687473401
0.00390982104858
0.00273687473401
0.00558545864083
0.00390982104858
0.00558545864083
0.00390982104858
0.00797922662976
0.00558545864083
0.00797922662976
0.00558545864083
0.0113988951854
0.00797922662976
0.0113988951854
0.00797922662976
0.0162841359791
0.0113988951854
0.0162841359791
0.0113988951854
0.0232630513987
0.0162841359791
0.0232630513987
0.0162841359791
0.0332329305696
0.0232630513987
0.0332329305696
0.0232630513987
0.0474756150994
0.0332329305696
0.0474756150994
0.0332329305696
0.0678223072849
0.0474756150994
0.0678223072849
0.0474756150994
0.096889010407
0.0678223072849
0.096889010407
0.0678223072849
0.13841287201
0.096889010407
0.13841287201
0.096889010407
0.1977326743
0.13841287201
0.1977326743
0.13841287201
0.282475249
0.162140792926
0.282475249
0.1977326743
0.40353607
0.269055279282
0.40353607
0.197732901779
0.5764801
0.400436912982
0.5764801
0.282475249
0.823543
0.5764801
0.40353607
0.40353607
0.5764801
0.40353607
0.282475249
0.5764801
0.40353607
0.282475249
0.1977326743
0.40353607
0.282475249
0.1977326743
0.13841287201
0.282475249
0.1977326743
0.13841287201
0.096889010407
0.1977326743
0.13841287201
0.096889010407
0.0678223072849
0.13841287201
0.096889010407
0.0678223072849
0.0474756150994
0.096889010407
0.0678223072849
0.0474756150994
0.0332329305696
0.0678223072849
0.0474756150994
0.0332329305696
0.0232630513987
0.0474756150994
0.0332329305696
0.0232630513987
0.0162841359791
0.0332329305696
0.0232630513987
0.0162841359791
0.0113988951854
0.0232630513987
0.0162841359791
0.0113988951854
0.00797922662976
0.0162841359791
0.0113988951854
0.00797922662976
0.00558545864083
0.0113988951854
0.00797922662976
0.00558545864083
0.00390982104858
0.00797922662976
0.00558545864083
0.00390982104858
0.00273687473401
0.00558545864083
0.00390982104858
0.00273687473401
0.00273687473401
0.00390982104858
0.00558545864083
0.00390982104858
0.00558545864083
0.00390982104858
0.00797922662976
0.00558545864083
0.00797922662976
0.00558545864083
0.0113988951854
0.00797922662976
0.0113988951854
0.00797922662976
0.0162841359791
0.0113988951854
0.0162841359791
0.0113988951854
0.0232630513987
0.0162841359791
0.0232630513987
0.0162841359791
0.0332329305696
0.0232630513987
0.0332329305696
0.0232630513987
0.0474756150994
0.0332329305696
0.0474756150994
0.0332329305696
0.0678223072849
0.0474756150994
0.0678223072849
0.0474756150994
0.096889010407
0.0678223072849
0.096889010407
0.0678223072849
0.13841287201
0.096889010407
0.13841287201
0.096889010407
0.1977326743
0.13841287201
0.1977326743
0.13841287201
0.282475249
0.1977326743
0.282475249
0.1977326743
0.40353607
0.23162970418
0.40353607
0.23162970418
0.5764801
0.282475250331
0.5764801
0.282475300995
0.823543
0.576477198481
0.823543
0.40353607
1.17649
0.823543
0.5764801
0.5764801
0.823543
0.5764801
0.40353607
0.823543
0.5764801
0.40353607
0.282475249
0.5764801
0.40353607
0.282475249
0.1977326743
0.40353607
0.282475249
0.1977326743
0.13841287201
0.282475249
0.1977326743
0.13841287201
0.096889010407
0.1977326743
0.13841287201
0.096889010407
0.0678223072849
0.13841287201
0.096889010407
0.0678223072849
0.0474756150994
0.096889010407
0.0678223072849
0.0474756150994
0.0332329305696
0.0678223072849
0.0474756150994
0.0332329305696
0.0232630513987
0.0474756150994
0.0332329305696
0.0232630513987
0.0162841359791
0.0332329305696
0.0232630513987
0.0162841359791
0.0113988951854
0.0232630513987
0.0162841359791
0.0113988951854
0.00797922662976
0.0162841359791
0.0113988951854
0.00797922662976
0.00558545864083
0.0113988951854
0.00797922662976
0.00558545864083
0.00390982104858
0.00797922662976
0.00558545864083
0.00390982104858
0.00390982104858
0.00558545864083
0.00797922662976
0.00558545864083
0.00797922662976
0.00558545864083
0.0113988951854
0.00797922662976
0.0113988951854
0.00797922662976
0.0162841359791
0.0113988951854
0.0162841359791
0.0113988951854
0.0232630513987
0.0162841359791
0.0232630513987
0.0162841359791
0.0332329305696
0.0232630513987
0.0332329305696
0.0232630513987
0.0474756150994
0.0332329305696
0.0474756150994
0.0332329305696
0.0678223072849
0.0474756150994
0.0678223072849
0.0474756150994
0.096889010407
0.0678223072849
0.096889010407
0.0678223072849
0.13841287201
0.096889010407
0.13841287201
0.096889010407
0.1977326743
0.13841287201
0.1977326743
0.13841287201
0.282475249
0.1977326743
0.282475249
0.1977326743
0.40353607
0.282475249
0.40353607
0.282475249
0.5764801
0.40353607
0.5764801
0.3308995774
0.823543
0.403536074754
0.823543
0.403536074754
1.17649
0.823542336796
1.17649
0.5764801
1.6807
1.17649
0.823543
0.823543
1.17649
0.823543
0.5764801
1.17649
0.823543
0.5764801
0.40353607
0.823543
0.5764801
0.40353607
0.282475249
0.5764801
0.40353607
0.282475249
0.1977326743
0.40353607
0.282475249
0.1977326743
0.13841287201
0.282475249
0.1977326743
0.13841287201
0.096889010407
0.1977326743
0.13841287201
0.096889010407
0.0678223072849
0.13841287201
0.096889010407
0.0678223072849
0.0474756150994
0.096889010407
0.0678223072849
0.0474756150994
0.0332329305696
0.0678223072849
0.0474756150994
0.0332329305696
0.0232630513987
0.0474756150994
0.0332329305696
0.0232630513987
0.0162841359791
0.0332329305696
0.0232630513987
0.0162841359791
0.0113988951854
0.0232630513987
0.0162841359791
0.0113988951854
0.00797922662976
0.0162841359791
0.0113988951854
0.00797922662976
0.00558545864083
0.0113988951854
0.00797922662976
0.00558545864083
0.00558545864083
0.00797922662976
0.0113988951854
0.00797922662976
0.0113988951854
0.00797922662976
0.0162841359791
0.0113988951854
0.0162841359791
0.0113988951854
0.0232630513987
0.0162841359791
0.0232630513987
0.0162841359791
0.0332329305696
0.0232630513987
0.0332329305696
0.0232630513987
0.0474756150994
0.0332329305696
0.0474756150994
0.0332329305696
0.0678223072849
0.0474756150994
0.0678223072849
0.0474756150994
0.096889010407
0.0678223072849
0.096889010407
0.0678223072849
0.13841287201
0.096889010407
0.13841287201
0.096889010407
0.1977326743
0.13841287201
0.1977326743
0.13841287201
0.282475249
0.1977326743
0.282475249
0.1977326743
0.40353607
0.282475249
0.40353607
0.282475249
0.5764801
0.40353607
0.5764801
0.40353607
0.823543
0.472713682
0.823543
0.472713682
1.17649
0.576480100011
1.17649
0.576480125467
1.6807
1.17591173164
1.6807
0.823543
2.401
1.6807
1.17649
1.17649
1.6807
1.17649
0.823543
1.6807
1.17649
0.823543
0.5764801
1.17649
0.823543
0.5764801
0.40353607
0.823543
0.5764801
0.40353607
0.282475249
0.5764801
0.40353607
0.282475249
0.1977326743
0.40353607
0.282475249
0.1977326743
0.13841287201
0.282475249
0.1977326743
0.13841287201
0.096889010407
0.1977326743
0.13841287201
0.096889010407
0.0678223072849
0.13841287201
0.096889010407
0.0678223072849
0.0474756150994
0.096889010407
0.0678223072849
0.0474756150994
0.0332329305696
0.0678223072849
0.0474756150994
0.0332329305696
0.0232630513987
0.0474756150994
0.0332329305696
0.0232630513987
0.0162841359791
0.0332329305696
0.0232630513987
0.0162841359791
0.0113988951854
0.0232630513987
0.0162841359791
0.0113988951854
0.00797922662976
0.0162841359791
0.0113988951854
0.00797922662976
0.00797922662976
0.0113988951854
0.0162841359791
0.0113988951854
0.0162841359791
0.0113988951854
0.0232630513987
0.0162841359791
0.0232630513987
0.0162841359791
0.0332329305696
0.0232630513987
0.0332329305696
0.0232630513987
0.0474756150994
0.0332329305696
0.0474756150994
0.0332329305696
0.0678223072849
0.0474756150994
0.0678223072849
0.0474756150994
0.096889010407
0.0678223072849
0.096889010407
0.0556142919736
0.13841287201
0.096889010407
0.13841287201
0.096889010407
0.1977326743
0.13841287201
0.1977326743
0.13841287201
0.282475249
0.1977326743
0.282475249
0.1977326743
0.40353607
0.282475249
0.40353607
0.282475249
0.5764801
0.40353607
0.5764801
0.40353607
0.823543
0.5764801
0.823543
0.5764801
1.17649
0.5922921256
1.17649
0.823543
1.6807
0.82354300004
1.6807
0.823543000248
2.401
1.6806788519
2.401
1.17649
3.43
1.96882
1.6807
1.6807
2.401
1.6807
1.17649
2.401
1.6807
1.17649
0.823543
1.6807
1.17649
0.823543
0.5764801
1.17649
0.823543
0.5764801
0.40353607
0.823543
0.5764801
0.40353607
0.282475249
0.5764801
0.40353607
0.282475249
0.1977326743
0.40353607
0.282475249
0.1977326743
0.13841287201
0.282475249
0.1977326743
0.13841287201
0.096889010407
0.1977326743
0.13841287201
0.096889010407
0.0678223072849
0.13841287201
0.096889010407
0.0678223072849
0.0474756150994
0.096889010407
0.0678223072849
0.0474756150994
0.0332329305696
0.0678223072849
0.0474756150994
0.0332329305696
0.0232630513987
0.0474756150994
0.0332329305696
0.0232630513987
0.0162841359791
0.0332329305696
0.0232630513987
0.0162841359791
0.0113988951854
0.0232630513987
0.0162841359791
0.0113988951854
0.0113988951854
0.0162841359791
0.0232630513987
0.0162841359791
0.0232630513987
0.0162841359791
0.0332329305696
0.0232630513987
0.0332329305696
0.0232630513987
0.0474756150994
0.0332329305696
0.0474756150994
0.0332329305696
0.0678223072849
0.0474756150994
0.0678223072849
0.0474756150994
0.096889010407
0.0678223072849
0.096889010407
0.0678223072849
0.13841287201
0.0794489885337
0.13841287201
0.096889010407
0.1977326743
0.13841287201
0.1977326743
0.13841287201
0.282475249
0.1977326743
0.282475249
0.162140792926
0.40353607
0.282475249
0.40353607
0.23162970418
0.5764801
0.40353607
0.5764801
0.40353607
0.823543
0.4312071148
0.823543
0.5764801
1.17649
0.616010164
1.17649
0.823543
1.6807
0.846131608
1.6807
0.846131608
2.401
1.17649
2.401
1.17649000002
3.43
2.3549008
3.43
1.6807
4.9
2.4273424
2.401
2.401
3.43
2.401
1.6807
3.43
2.401
1.378174
1.17649
2.401
1.6807
1.17649
0.823543
1.6807
1.17649
0.823543
0.5764801
1.17649
0.823543
0.5764801
0.40353607
0.823543
0.5764801
0.40353607
0.282475249
0.5764801
0.40353607
0.211291486252
0.1977326743
0.40353607
0.282475249
0.162140792926
0.13841287201
0.282475249
0.1977326743
0.13841287201
0.096889010407
0.1977326743
0.13841287201
0.0794489885337
0.0678223072849
0.13841287201
0.096889010407
0.0678223072849
0.0474756150994
0.096889010407
0.0678223072849
0.0474756150994
0.0332329305696
0.0678223072849
0.0474756150994
0.0332329305696
0.0232630513987
0.0474756150994
0.0332329305696
0.0232630513987
0.0162841359791
0.0332329305696
0.0232630513987
0.0133529915029
0.0162841359791
0.0232630513987
0.0332329305696
0.0232630513987
0.0332329305696
0.0232630513987
0.0474756150994
0.0332329305696
0.0474756150994
0.0332329305696
0.0678223072849
0.0474756150994
0.0678223072849
0.0474756150994
0.096889010407
0.0507310858491
0.096889010407
0.0476839652274
0.13841287201
0.0794489885337
0.13841287201
0.0678699301713
0.1977326743
0.0968933644995
0.1977326743
0.0969162234849
0.282475249
0.138415360063
0.282475249
0.138510061574
0.40353607
0.197732676629
0.40353607
0.197732901779
0.5764801
0.28247557397
0.5764801
0.282475249213
0.823543
0.403537230608
0.823543
0.403536534243
1.17649
0.576480100028
1.17649
0.576480102716
1.6807
0.823543001552
1.6807
0.823543001552
2.401
1.22489416
2.401
1.17649507555
3.43
1.6807
3.43
1.68070000002
4.9
2.808385216
4.9
2.401
7.0
3.43000000001
3.43
3.59731426384
4.9
2.401
2.401
4.9
3.43
2.11288000003
1.68070000076
3.43
2.401
1.17649
1.17649
2.401
1.6807
0.823543000621
0.823543
1.6807
1.17649
0.576480102716
0.576480497923
1.17649
0.823543
0.403536074754
0.403536070456
0.823543
0.5764801
0.282480326659
0.282475249
0.5764801
0.40353607
0.197736228661
0.1977326743
0.40353607
0.282475249
0.13865584592
0.13841287201
0.282475249
0.1977326743
0.0970590921441
0.096889010407
0.1977326743
0.13841287201
0.0685664148848
0.0678223072849
0.13841287201
0.096889010407
0.0487778033993
0.0596836304107
0.096889010407
0.0678223072849
0.0389300043815
0.0332329305696
0.0678223072849
0.0474756150994
0.0272510030671
0.0232630513987
0.0474756150994
0.0332329305696
0.0174007624462
0.0232630513987
0.0332329305696
0.0474756150994
0.0232656649427
0.0474756150994
0.0332329305696
0.0678223072849
0.0332329305696
0.0678223072849
0.0332469326522
0.096889010407
0.0474756150994
0.096889010407
0.0474788155788
0.13841287201
0.0678223072849
0.13841287201
0.0678223077654
0.1977326743
0.096889010407
0.1977326743
0.0968890104684
0.282475249
0.13841287201
0.282475249
0.13841287201
0.40353607
0.1977326743
0.40353607
0.1977326743
0.5764801
0.38416633864
0.5764801
0.282475249
0.823543
0.56541168208
0.823543
0.40353607
1.17649
0.81721818976
1.17649
0.5764801
1.6807
1.1674545568
1.6807
0.823543
2.401
1.68064712975
2.401
1.17649
3.43
1.79594316615
3.43
1.6807
4.9
2.401
4.9
2.44051360679
7.0
4.66480000646
7.0
3.48671620477
10.0
6.9913984
4.9
6.17806390117
7.0
4.899990135
3.43
7.0
4.9
3.42998273624
2.40100066293
4.9
3.43
2.40092447107
1.6807
3.43
2.401
1.64843056
1.17649
2.401
1.6807
1.17591173164
0.823543
1.6807
1.17649
0.81721818976
0.5764801
1.17649
0.823543
0.5488090552
0.40353607
0.823543
0.5764801
0.282475249
0.282475249
0.5764801
0.40353607
0.1977326743
0.1977326743
0.40353607
0.282475249
0.13841287201
0.13841287201
0.282475249
0.1977326743
0.096889010407
0.096889010407
0.1977326743
0.13841287201
0.0678223072849
0.0678224243229
0.13841287201
0.096889010407
0.0474756150994
0.0474756150995
0.096889010407
0.0678223072849
0.0332329306322
0.0332339212441
0.0678223072849
0.0474756150994
0.0232630781614
0.0332329305696
0.0474756150994
0.0332329305696
0.0332329305696
0.0678223072849
0.0474756150994
0.0474756150994
0.0474756150994
0.096889010407
0.0474756151016
0.0678223072849
0.0678223072849
0.13841287201
0.0678223072851
0.096889010407
0.121803327369
0.1977326743
0.096889010407
0.13841287201
0.174004753384
0.282475249
0.13841287201
0.1977326743
0.282453034242
0.40353607
0.197732674336
0.282475249
0.40353574503
0.5764801
0.282475249
0.40353607
0.576480099878
0.823543
0.40353607
0.5764801
0.823543
1.17649
0.5764801
0.823543
1.17649
1.6807
0.823543
1.17649
1.6807
2.401
1.17649
1.6807
2.401
3.43
1.6807
2.401
2.466856
4.9
2.401
3.43
4.312
7.0
3.4300147975
4.9
7.0
10.0
6.16
0.0
0.0
0.0
0.0
4.9
7.0
4.9
10.0
3.43
4.9
3.43
7.0
2.401
3.43
2.401
4.9
1.6807
2.401
1.6807
3.43
1.17649
1.6807
1.17649
2.401
0.823543
1.17649
0.823543
1.6807
0.5764801
0.823543
0.5764801
1.17649
0.40353607
0.576480099239
0.40353607
0.823543
0.282475249
0.403536018005
0.282475249
0.5764801
0.1977326743
0.280305839088
0.197732674314
0.40353607
0.13841287201
0.174004753384
0.13841287201
0.282475249
0.096889010407
0.096889010407
0.096889010407
0.1977326743
0.0678223072849
0.0678223072849
0.0678223072849
0.13841287201
0.0474756150994
0.0596836304107
0.047476254951
0.096889010407
0.0332329305696
0.0332329305696
0.0474756150994
0.0678223072849
0.0232630513987
0.0474756150994
0.0474756150994
0.0332329305696
0.0332329305696
0.0678223072849
0.0678223072849
0.0332330763254
0.0474756150994
0.096889010407
0.096889010407
0.0474756150994
0.0678223072849
0.13841287201
0.13841287201
0.0678223072849
0.096889010407
0.1977326743
0.1977326743
0.096889010407
0.13841287201
0.282475249
0.282475249
0.13841287201
0.1977326743
0.40353607
0.40353607
0.1977326743
0.282475249
0.5764801
0.5764801
0.282475249
0.40353607
0.823543
0.823543
0.40353607
0.5764801
1.17649
1.17649
0.5764801
0.823543
1.6807
1.6807
0.823543
1.17649
2.401
2.401
1.17649
1.6807
3.43
3.43
1.6807
2.401
4.9
4.9
3.01840026517
3.43
7.0
7.0
4.862368
4.9
10.0
4.9
7.0
3.43
7.0
3.43
7.0
2.401
4.9
2.401
4.9
1.6807
3.43
1.6807
3.43
1.17649
2.401
1.17649
2.401
0.823543
1.6807
0.823543
1.6807
0.5764801
1.17649
0.5764801
1.17649
0.40353607
0.823543
0.40353607
0.823543
0.282475249
0.5764801
0.282475249
0.5764801
0.1977326743
0.40353607
0.1977326743
0.40353607
0.13841287201
0.282475249
0.13841287201
0.282475249
0.096889010407
0.1977326743
0.096889010407
0.1977326743
0.0678223072849
0.13841287201
0.067822424324
0.13841287201
0.0474756150994
0.096889010407
0.0477881402914
0.096889010407
0.0332329305696
0.0678223072849
0.0432683503707
0.0678223072849
0.0232630513987
0.0474756150994
0.0332329305696
0.0474756150994
0.0162841359791
0.0332329305696
0.0332329305696
0.0232630513987
0.0232630513987
0.0474756150994
0.0474756150994
0.0316378904235
0.0332329305696
0.0678223072849
0.0678223072849
0.0332329305696
0.0474756150994
0.096889010407
0.096889010407
0.0474756150994
0.0678223072849
0.13841287201
0.13841287201
0.0678241360037
0.096889010407
0.1977326743
0.1977326743
0.096889010407
0.13841287201
0.282475249
0.282475249
0.13841287201
0.1977326743
0.40353607
0.40353607
0.1977326743
0.282475249
0.5764801
0.5764801
0.282475249
0.40353607
0.823543
0.823543
0.40353607
0.5764801
1.17649
1.17649
0.5764801
0.823543
1.6807
1.6807
0.823543
1.17649
2.401
2.401
1.17649
1.6807
3.43
3.43
1.68070000005
2.401
4.9
4.9
3.26536
3.43
7.0
3.43
4.9
2.401
4.9
2.401
4.9
1.6807
3.43
1.6807
3.43
1.17649
2.401
1.17649
2.401
0.823543
1.6807
0.823543
1.6807
0.5764801
1.17649
0.5764801
1.17649
0.40353607
0.823543
0.40353607
0.823543
0.282475249
0.5764801
0.282475249
0.5764801
0.1977326743
0.40353607
0.1977326743
0.40353607
0.13841287201
0.282475249
0.13841287201
0.282475249
0.096889010407
0.1977326743
0.096889010407
0.1977326743
0.0678223072849
0.13841287201
0.0678223072849
0.13841287201
0.0474756150994
0.096889010407
0.0474756282077
0.096889010407
0.0332329305696
0.0678223072849
0.0332332889985
0.0678223072849
0.0232630513987
0.0474756150994
0.0302119041493
0.0474756150994
0.0162841359791
0.0332329305696
0.0232630513987
0.0332329305696
0.0113988951854
0.0232630513987
0.0232630513987
0.0162841359791
0.0162841359791
0.0332329305696
0.0332329305696
0.0229236250536
0.0232630513987
0.0474756150994
0.0474756150994
0.029245079264
0.0332329305696
0.0678223072849
0.0678223072849
0.0332329305696
0.0474756150994
0.096889010407
0.096889010407
0.0474756150994
0.0678223072849
0.13841287201
0.13841287201
0.0678223072849
0.096889010407
0.1977326743
0.1977326743
0.096889010407
0.13841287201
0.282475249
0.282475249
0.13841287201
0.1977326743
0.40353607
0.40353607
0.1977326743
0.282475249
0.5764801
0.5764801
0.282475249
0.40353607
0.823543
0.823543
0.40353607
0.5764801
1.17649
1.17649
0.5764801
0.823543
1.6807
1.6807
0.823543
1.17649
2.401
2.401
1.17649000003
1.6807
3.43
3.43
2.3980496512
2.401
4.9
2.401
3.43
1.6807
3.43
1.6807
3.43
1.17649
2.401
1.17649
2.401
0.823543
1.6807
0.823543
1.6807
0.5764801
1.17649
0.5764801
1.17649
0.40353607
0.823543
0.40353607
0.823543
0.282475249
0.5764801
0.282475249
0.5764801
0.1977326743
0.40353607
0.1977326743
0.40353607
0.13841287201
0.282475249
0.13841287201
0.282475249
0.096889010407
0.1977326743
0.096889010407
0.1977326743
0.0678223072849
0.13841287201
0.0678223072849
0.13841287201
0.0474756150994
0.096889010407
0.0474756150994
0.096889010407
0.0332329305696
0.0678223072849
0.0332329397454
0.0678223072849
0.0232630513987
0.0474756150994
0.0232646205528
0.0474756150994
0.0162841359791
0.0332329305696
0.0163012936562
0.0332329305696
0.0113988951854
0.0232630513987
0.0162841359791
0.0232630513987
0.00797922662976
0.0162841359791
0.0162841359791
0.0113988951854
0.0113988951854
0.0232630513987
0.0232630513987
0.0113992028524
0.0162841359791
0.0332329305696
0.0332329305696
0.0162843818621
0.0232630513987
0.0474756150994
0.0474756150994
0.0232630513987
0.0332329305696
0.0678223072849
0.0678223072849
0.0332329305696
0.0474756150994
0.096889010407
0.096889010407
0.0474756151531
0.0678223072849
0.13841287201
0.13841287201
0.0678223072849
0.096889010407
0.1977326743
0.1977326743
0.096889010407
0.13841287201
0.282475249
0.282475249
0.13841287201
0.1977326743
0.40353607
0.40353607
0.268916437048
0.282475249
0.5764801
0.5764801
0.282475249
0.40353607
0.823543
0.823543
0.40353607
0.5764801
1.17649
1.17649
0.5764801
0.823543
1.6807
1.6807
0.823543008149
1.17649
2.401
2.401
1.479016
1.6807
3.43
1.6807
2.401
1.17649
2.401
1.17649
2.401
0.823543
1.6807
0.823543
1.6807
0.5764801
1.17649
0.5764801
1.17649
0.40353607
0.823543
0.40353607
0.823543
0.282475249
0.5764801
0.282475249
0.5764801
0.1977326743
0.40353607
0.1977326743
0.40353607
0.13841287201
0.282475249
0.13841287201
0.282475249
0.096889010407
0.1977326743
0.096889010407
0.1977326743
0.0678223072849
0.13841287201
0.0678223072849
0.13841287201
0.0474756150994
0.096889010407
0.0474756150994
0.096889010407
0.0332329305696
0.0678223072849
0.0332329305696
0.0678223072849
0.0232630513987
0.0474756150994
0.0232630513987
0.0474756150994
0.0162841359791
0.0332329305696
0.0162841359791
0.0332329305696
0.0113988951854
0.0232630513987
0.0118680504193
0.0232630513987
0.00797922662976
0.0162841359791
0.0113988951854
0.0162841359791
0.00558545864083
0.0113988951854
0.0113988951854
0.00797922662976
0.00797922662976
0.0162841359791
0.0162841359791
0.0079799798781
0.0113988951854
0.0232630513987
0.0232630513987
0.0113988951854
0.0162841359791
0.0332329305696
0.0332329305696
0.0204714852309
0.0232630513987
0.0474756150994
0.0474756150994
0.0232630513987
0.0332329305696
0.0678223072849
0.0678223072849
0.0417785412875
0.0474756150994
0.096889010407
0.096889010407
0.0474756150994
0.0678223072849
0.13841287201
0.13841287201
0.0678223072849
0.096889010407
0.1977326743
0.1977326743
0.096889010407
0.13841287201
0.282475249
0.282475249
0.174004753384
0.1977326743
0.40353607
0.40353607
0.1977326743
0.282475249
0.5764801
0.5764801
0.282475249
0.40353607
0.823543
0.823543
0.40353607
0.5764801
1.17649
1.17649
0.5764801
0.823543
1.6807
1.6807
1.153901392
1.17649
2.401
1.17649
1.6807
0.823543
1.6807
0.823543
1.6807
0.5764801
1.17649
0.5764801
1.17649
0.40353607
0.823543
0.40353607
0.823543
0.282475249
0.5764801
0.282475249
0.5764801
0.1977326743
0.40353607
0.1977326743
0.40353607
0.13841287201
0.282475249
0.13841287201
0.282475249
0.096889010407
0.1977326743
0.096889010407
0.1977326743
0.0678223072849
0.13841287201
0.0678223072849
0.13841287201
0.0474756150994
0.096889010407
0.0474756150994
0.096889010407
0.0332329305696
0.0678223072849
0.0332329305696
0.0678223072849
0.0232630513987
0.0474756150994
0.0232630513987
0.0474756150994
0.0162841359791
0.0332329305696
0.0162841359975
0.0332329305696
0.0113988951854
0.0232630513987
0.0114291019058
0.0232630513987
0.00797922662976
0.0162841359791
0.0108730598658
0.0162841359791
0.00558545864083
0.0113988951854
0.00797922662976
0.0113988951854
0.00390982104858
0.00797922662976
0.00797922662976
0.00558545864083
0.00558545864083
0.0113988951854
0.0113988951854
0.00559463640332
0.00797922662976
0.0162841359791
0.0162841359791
0.00798258830218
0.0113988951854
0.0232630513987
0.0232630513987
0.0113989227242
0.0162841359791
0.0332329305696
0.0332329305696
0.0162841359791
0.0232630513987
0.0474756150994
0.0474756150994
0.0292449789012
0.0332329305696
0.0678223072849
0.0678223072849
0.0417785412875
0.0474756150994
0.096889010407
0.096889010407
0.0596836304107
0.0678223072849
0.13841287201
0.13841287201
0.0852623291582
0.096889010407
0.1977326743
0.1977326743
0.121803327369
0.13841287201
0.282475249
0.282475249
0.174004753384
0.1977326743
0.40353607
0.40353607
0.24857821912
0.282475249
0.5764801
0.5764801
0.282475249
0.40353607
0.823543
0.823543
0.41018800145
0.5764801
1.17649
1.17649
0.72471784
0.823543
1.6807
0.823543
1.17649
0.5764801
1.17649
0.5764801
1.17649
0.40353607
0.823543
0.40353607
0.823543
0.282475249
0.5764801
0.282475249
0.5764801
0.1977326743
0.40353607
0.1977326743
0.40353607
0.13841287201
0.282475249
0.13841287201
0.282475249
0.096889010407
0.1977326743
0.096889010407
0.1977326743
0.0678223072849
0.13841287201
0.0678223072849
0.13841287201
0.0474756150994
0.096889010407
0.0474756150994
0.096889010407
0.0332329305696
0.0678223072849
0.0332329305696
0.0678223072849
0.0232630513987
0.0474756150994
0.0232630513987
0.0474756150994
0.0162841359791
0.0332329305696
0.0162841359791
0.0332329305696
0.0113988951854
0.0232630513987
0.0113988951854
0.0232630513987
0.00797922662976
0.0162841359791
0.00843891614602
0.0162841359791
0.00558545864083
0.0113988951854
0.00559134372409
0.0113988951854
0.00390982104858
0.00797922662976
0.00558545864083
0.00797922662976
0.00273687473401
0.00558545864083
0.00558545864083
0.00390982104858
0.00390982104858
0.00797922662976
0.00797922662976
0.00395161950559
0.00558545864083
0.0113988951854
0.0113988951854
0.00791794832829
0.00797922662976
0.0162841359791
0.0162841359791
0.0100310277631
0.0113988951854
0.0232630513987
0.0232630513987
0.0143300396616
0.0162841359791
0.0332329305696
0.0332329305696
0.0204714852309
0.0232630513987
0.0474756150994
0.0474756150994
0.0232630513987
0.0332329305696
0.0678223072849
0.0678223072849
0.0417785412875
0.0474756150994
0.096889010407
0.096889010407
0.0596836304107
0.0678223072849
0.13841287201
0.13841287201
0.0678223072849
0.096889010407
0.1977326743
0.1977326743
0.135755344867
0.13841287201
0.282475249
0.282475249
0.188241505934
0.1977326743
0.40353607
0.40353607
0.218070892228
0.282475249
0.5764801
0.5764801
0.282475249447
0.40353607
0.823543
0.823543
0.56541168208
0.5764801
1.17649
0.5764801
0.823542999972
0.40353607
0.823543
0.40353607
0.823543
0.282475249
0.5764801
0.282475249
0.5764801
0.1977326743
0.40353607
0.1977326743
0.40353607
0.13841287201
0.282475249
0.13841287201
0.282475249
0.096889010407
0.1977326743
0.096889010407
0.1977326743
0.0678223072849
0.13841287201
0.0678223072849
0.13841287201
0.0474756150994
0.096889010407
0.0474756150994
0.096889010407
0.0332329305696
0.0678223072849
0.0332329305696
0.0678223072849
0.0232630513987
0.0474756150994
0.0232630513987
0.0474756150994
0.0162841359791
0.0332329305696
0.0162841359791
0.0332329305696
0.0113988951854
0.0232630513987
0.0113988951854
0.0232630513987
0.00797922662976
0.0162841359791
0.00797922662976
0.0162841359791
0.00558545864083
0.0113988951854
0.00558545864083
0.0113988951854
0.00390982104858
0.00797922662976
0.00390982104898
0.00797922662976
0.00273687473401
0.00558545864083
0.00390982104858
0.00558545864083
0.00191581231381
0.00390982104858
0.00390982104858
0.00273687473401
0.00273687473401
0.00558545864083
0.00558545864083
0.00344064302137
0.00390982104858
0.00797922662976
0.00797922662976
0.00547821810438
0.00558545864083
0.0113988951854
0.0113988951854
0.00702171943419
0.00797922662976
0.0162841359791
0.0162841359791
0.0108517482165
0.0113988951854
0.0232630513987
0.0232630513987
0.0113988951854
0.0162841359791
0.0332329305696
0.0332329305696
0.0228164008119
0.0232630513987
0.0474756150994
0.0474756150994
0.0232630513987
0.0332329305696
0.0678223072849
0.0678223072849
0.0417785412875
0.0474756150994
0.096889010407
0.096889010407
0.0474756150994
0.0678223072849
0.13841287201
0.13841287201
0.0922383379075
0.096889010407
0.1977326743
0.1977326743
0.121803327369
0.13841287201
0.282475249
0.282475249
0.188241505934
0.1977326743
0.40353607
0.40353607
0.197740991505
0.282475249
0.5764801
0.5764801
0.3551117416
0.40353607
0.823543
0.40353607
0.57643476376
0.282475249
0.5764801
0.282475249
0.5764801
0.1977326743
0.40353607
0.1977326743
0.40353607
0.13841287201
0.282475249
0.13841287201
0.282475249
0.096889010407
0.1977326743
0.096889010407
0.1977326743
0.0678223072849
0.13841287201
0.0678223072849
0.13841287201
0.0474756150994
0.096889010407
0.0474756150994
0.096889010407
0.0332329305696
0.0678223072849
0.0332329305696
0.0678223072849
0.0232630513987
0.0474756150994
0.0232630513987
0.0474756150994
0.0162841359791
0.0332329305696
0.0162841359791
0.0332329305696
0.0113988951854
0.0232630513987
0.0113988951854
0.0232630513987
0.00797922662976
0.0162841359791
0.00797922662976
0.0162841359791
0.00558545864083
0.0113988951854
0.00558545864083
0.0113988951854
0.00390982104858
0.00797922662976
0.00390982165311
0.00797922662976
0.00273687473401
0.00558545864083
0.00273687474175
0.00558545864083
0.00191581231381
0.00390982104858
0.00273687473401
0.00390982104858
0.00134106861966
0.00273687473401
0.00273687473401
0.00191581231381
0.00191581231381
0.00390982104858
0.00390982104858
0.00268453977168
0.00273687473401
0.00558545864083
0.00558545864083
0.00344064252275
0.00390982104858
0.00797922662976
0.00797922662976
0.00531735662607
0.00558545864083
0.0113988951854
0.0113988951854
0.00702171943419
0.00797922662976
0.0162841359791
0.0162841359791
0.0111800363978
0.0113988951854
0.0232630513987
0.0232630513987
0.0143300396616
0.0162841359791
0.0332329305696
0.0332329305696
0.0221464249316
0.0232630513987
0.0474756150994
0.0474756150994
0.0325948583027
0.0332329305696
0.0678223072849
0.0678223072849
0.0417785412875
0.0474756150994
0.096889010407
0.096889010407
0.0645668365352
0.0678223072849
0.13841287201
0.13841287201
0.0950287414072
0.096889010407
0.1977326743
0.1977326743
0.138242790273
0.13841287201
0.282475249
0.282475249
0.138413110863
0.1977326743
0.40353607
0.40353607
0.24857821912
0.282475249
0.5764801
0.282475249
0.40345673158
0.1977326743
0.40353607
0.1977326743
0.40353607
0.13841287201
0.282475249
0.13841287201
0.282475249
0.096889010407
0.1977326743
0.096889010407
0.1977326743
0.0678223072849
0.13841287201
0.0678223072849
0.13841287201
0.0474756150994
0.096889010407
0.0474756150994
0.096889010407
0.0332329305696
0.0678223072849
0.0332329305696
0.0678223072849
0.0232630513987
0.0474756150994
0.0232630513987
0.0474756150994
0.0162841359791
0.0332329305696
0.0162841359791
0.0332329305696
0.0113988951854
0.0232630513987
0.0113988951854
0.0232630513987
0.00797922662976
0.0162841359791
0.00797922662976
0.0162841359791
0.00558545864083
0.0113988951854
0.00558545864083
0.0113988951854
0.00390982104858
0.00797922662976
0.00390982104858
0.00797922662976
0.00273687473401
0.00558545864083
0.00273687473478
0.00558545864083
0.00191581231381
0.00390982104858
0.00191613517012
0.00390982104858
0.00134106861966
0.00273687473401
0.00191581231381
0.00273687473401
0.000938748033765
0.00191581231381
0.00191581231381
0.00134106861966
0.00134106861966
0.00273687473401
0.00273687473401
0.00190992718516
0.00191581231381
0.00390982104858
0.00390982104858
0.00272846705483
0.00273687473401
0.00558545864083
0.00558545864083
0.00390501666048
0.00390982104858
0.00797922662976
0.00797922662976
0.00554256231847
0.00558545864083
0.0113988951854
0.0113988951854
0.00791794616924
0.00797922662976
0.0162841359791
0.0162841359791
0.0111800363978
0.0113988951854
0.0232630513987
0.0232630513987
0.0162809343877
0.0162841359791
0.0332329305696
0.0332329305696
0.0232612219179
0.0232630513987
0.0474756150994
0.0474756150994
0.0331920939445
0.0332329305696
0.0678223072849
0.0678223072849
0.0474662810137
0.0474756150994
0.096889010407
0.096889010407
0.0678169735216
0.0678223072849
0.13841287201
0.13841287201
0.0794299393792
0.096889010407
0.1977326743
0.1977326743
0.0969563464471
0.13841287201
0.282475249
0.282475249
0.174004753384
0.1977326743
0.40353607
0.1977326743
0.280305839088
0.13841287201
0.282475249
0.13841287201
0.282475249
0.096889010407
0.1977326743
0.096889010407
0.1977326743
0.0678223072849
0.13841287201
0.0678223072849
0.13841287201
0.0474756150994
0.096889010407
0.0474756150994
0.096889010407
0.0332329305696
0.0678223072849
0.0332329305696
0.0678223072849
0.0232630513987
0.0474756150994
0.0232630513987
0.0474756150994
0.0162841359791
0.0332329305696
0.0162841359791
0.0332329305696
0.0113988951854
0.0232630513987
0.0113988951854
0.0232630513987
0.00797922662976
0.0162841359791
0.00797922662976
0.0162841359791
0.00558545864083
0.0113988951854
0.00558545864083
0.0113988951854
0.00390982104858
0.00797922662976
0.00390982104858
0.00797922662976
0.00273687473401
0.00558545864083
0.00273687473401
0.00558545864083
0.00191581231381
0.00390982104858
0.00191581231381
0.00390982104858
0.00134106861966
0.00273687473401
0.00134109268667
0.00273687473401
0.000938748033765
0.00191581231381
0.00134106861966
0.00191581231381
0.000657123623635
0.00134106861966
0.00134106861966
0.000938748033765
0.000938748033765
0.00191581231381
0.00191581231381
0.00134106186984
0.00134106861966
0.00273687473401
0.00273687473401
0.00191580267121
0.00191581231381
0.00390982104858
0.00390982104858
0.00273351166233
0.00273687473401
0.00558545864083
0.00558545864083
0.00390905234649
0.00390982104858
0.00797922662976
0.00797922662976
0.00556830011189
0.00558545864083
0.0113988951854
0.0113988951854
0.00797530468029
0.00797922662976
0.0162841359791
0.0162841359791
0.0113979987398
0.0113988951854
0.0232630513987
0.0232630513987
0.0162836237245
0.0162841359791
0.0332329305696
0.0332329305696
0.0232623196064
0.0232630513987
0.0474756150994
0.0474756150994
0.033231885152
0.0332329305696
0.0678223072849
0.0678223072849
0.0471110023755
0.0474756150994
0.096889010407
0.096889010407
0.0556134385715
0.0678223072849
0.13841287201
0.13841287201
0.0696749566229
0.096889010407
0.1977326743
0.1977326743
0.121803327369
0.13841287201
0.282475249
0.13841287201
0.174004753384
0.096889010407
0.1977326743
0.096889010407
0.1977326743
0.0678223072849
0.13841287201
0.0678223072849
0.13841287201
0.0474756150994
0.096889010407
0.0474756150994
0.096889010407
0.0332329305696
0.0678223072849
0.0332329305696
0.0678223072849
0.0232630513987
0.0474756150994
0.0232630513987
0.0474756150994
0.0162841359791
0.0332329305696
0.0162841359791
0.0332329305696
0.0113988951854
0.0232630513987
0.0113988951854
0.0232630513987
0.00797922662976
0.0162841359791
0.00797922662976
0.0162841359791
0.00558545864083
0.0113988951854
0.00558545864083
0.0113988951854
0.00390982104858
0.00797922662976
0.00390982104858
0.00797922662976
0.00273687473401
0.00558545864083
0.00273687473401
0.00558545864083
0.00191581231381
0.00390982104858
0.00191581231381
0.00390982104858
0.00134106861966
0.00273687473401
0.00134106861966
0.00273687473401
0.000938748033765
0.00191581231381
0.000938748035421
0.00191581231381
0.000657123623635
0.00134106861966
0.000938748033765
0.00134106861966
0.000459986536545
0.000938748033765
0.000938748033765
0.000657123623635
0.000657123623635
0.00134106861966
0.00134106861966
0.000938748032526
0.000938748033765
0.00191581231381
0.00191581231381
0.00134106859202
0.00134106861966
0.00273687473401
0.00273687473401
0.00191581230749
0.00191581231381
0.00390982104858
0.00390982104858
0.0027368738524
0.00273687473401
0.00558545864083
0.00558545864083
0.00390982054481
0.00390982104858
0.00797922662976
0.00797922662976
0.00558545862241
0.00558545864083
0.0113988951854
0.0113988951854
0.00797922662965
0.00797922662976
0.0162841359791
0.0162841359791
0.011398895185
0.0113988951854
0.0232630513987
0.0232630513987
0.0162841351398
0.0162841359791
0.0332329305696
0.0332329305696
0.0232630512069
0.0232630513987
0.0474756150994
0.0474756150994
0.0332329298845
0.0332329305696
0.0678223072849
0.0678223072849
0.0389300034028
0.0474756150994
0.096889010407
0.096889010407
0.0487778033984
0.0678223072849
0.13841287201
0.13841287201
0.0678223072849
0.096889010407
0.1977326743
0.096889010407
0.096889010407
0.0678223072849
0.13841287201
0.0678223072849
0.13841287201
0.0474756150994
0.096889010407
0.0474756150994
0.096889010407
0.0332329305696
0.0678223072849
0.0332329305696
0.0678223072849
0.0232630513987
0.0474756150994
0.0232630513987
0.0474756150994
0.0162841359791
0.0332329305696
0.0162841359791
0.0332329305696
0.0113988951854
0.0232630513987
0.0113988951854
0.0232630513987
0.00797922662976
0.0162841359791
0.00797922662976
0.0162841359791
0.00558545864083
0.0113988951854
0.00558545864083
0.0113988951854
0.00390982104858
0.00797922662976
0.00390982104858
0.00797922662976
0.00273687473401
0.00558545864083
0.00273687473401
0.00558545864083
0.00191581231381
0.00390982104858
0.00191581231381
0.00390982104858
0.00134106861966
0.00273687473401
0.00134106861966
0.00273687473401
0.000938748033765
0.00191581231381
0.000938748033765
0.00191581231381
0.000657123623635
0.00134106861966
0.000657123623635
0.00134106861966
0.000459986536545
0.000938748033765
0.000657123623635
0.000938748033765
0.000321990575581
0.000657123623635
0.000657123623635
0.000459986536545
0.000459986536545
0.000938748033765
0.000938748033765
0.000657123623635
0.000657123623635
0.00134106861966
0.00134106861966
0.000938748033765
0.000938748033765
0.00191581231381
0.00191581231381
0.00134106861966
0.00134106861966
0.00273687473401
0.00273687473401
0.0019158123138
0.00191581231381
0.00390982104858
0.00390982104858
0.00273687473399
0.00273687473401
0.00558545864083
0.00558545864083
0.00390982104858
0.00390982104858
0.00797922662976
0.00797922662976
0.00558545864083
0.00558545864083
0.0113988951854
0.0113988951854
0.00797922662976
0.00797922662976
0.0162841359791
0.0162841359791
0.0113988951854
0.0113988951854
0.0232630513987
0.0232630513987
0.0162841359791
0.0162841359791
0.0332329305696
0.0332329305696
0.0232630513987
0.0232630513987
0.0474756150994
0.0474756150994
0.0332329305696
0.0332329305696
0.0678223072849
0.0678223072849
0.0389300043815
0.0474756150994
0.096889010407
0.096889010407
0.0474756150994
0.0678223072849
0.13841287201
0.0678223072849
0.0678223072849
0.0474756150994
0.096889010407
0.0474756150994
0.096889010407
0.0332329305696
0.0678223072849
0.0332329305696
0.0678223072849
0.0232630513987
0.0474756150994
0.0232630513987
0.0474756150994
0.0162841359791
0.0332329305696
0.0162841359791
0.0332329305696
0.0113988951854
0.0232630513987
0.0113988951854
0.0232630513987
0.00797922662976
0.0162841359791
0.00797922662976
0.0162841359791
0.00558545864083
0.0113988951854
0.00558545864083
0.0113988951854
0.00390982104858
0.00797922662976
0.00390982104858
0.00797922662976
0.00273687473401
0.00558545864083
0.00273687473401
0.00558545864083
0.00191581231381
0.00390982104858
0.00191581231381
0.00390982104858
0.00134106861966
0.00273687473401
0.00134106861966
0.00273687473401
0.000938748033765
0.00191581231381
0.000938748033765
0.00191581231381
0.000657123623635
0.00134106861966
0.000657123623635
0.00134106861966
0.000459986536545
0.000938748033765
0.000459986536545
0.000938748033765
0.000321990575581
0.000657123623635
0.000459986536545
0.000657123623635
0.000225393402907
0.000459986536545
0.000459986536545
0.000321990575581
0.000321990575581
0.000657123623635
0.000657123623635
0.000459986536545
0.000459986536545
0.000938748033765
0.000938748033765
0.000657123623635
0.000657123623635
0.00134106861966
0.00134106861966
0.000938748033765
0.000938748033765
0.00191581231381
0.00191581231381
0.00134106861966
0.00134106861966
0.00273687473401
0.00273687473401
0.00191581231381
0.00191581231381
0.00390982104858
0.00390982104858
0.00273687473401
0.00273687473401
0.00558545864083
0.00558545864083
0.00390982104858
0.00390982104858
0.00797922662976
0.00797922662976
0.00558545864083
0.00558545864083
0.0113988951854
0.0113988951854
0.00797922662976
0.00797922662976
0.0162841359791
0.0162841359791
0.0113988951854
0.0113988951854
0.0232630513987
0.0232630513987
0.0162841359791
0.0162841359791
0.0332329305696
0.0332329305696
0.0232630513987
0.0232630513987
0.0474756150994
0.0474756150994
0.0272510030671
0.0332330251719
0.0678223072849
0.0678223072849
0.0332329305736
0.0474756150994
0.096889010407
0.0474756150994
0.0474756150994
0.0332329305696
0.0678223072849
0.0332329305696
0.0678223072849
0.0232630513987
0.0474756150994
0.0232630513987
0.0474756150994
0.0162841359791
0.0332329305696
0.0162841359791
0.0332329305696
0.0113988951854
0.0232630513987
0.0113988951854
0.0232630513987
0.00797922662976
0.0162841359791
0.00797922662976
0.0162841359791
0.00558545864083
0.0113988951854
0.00558545864083
0.0113988951854
0.00390982104858
0.00797922662976
0.00390982104858
0.00797922662976
0.00273687473401
0.00558545864083
0.00273687473401
0.00558545864083
0.00191581231381
0.00390982104858
0.00191581231381
0.00390982104858
0.00134106861966
0.00273687473401
0.00134106861966
0.00273687473401
0.000938748033765
0.00191581231381
0.000938748033765
0.00191581231381
0.000657123623635
0.00134106861966
0.000657123623635
0.00134106861966
0.000459986536545
0.000938748033765
0.000459986536545
0.000938748033765
0.000321990575581
0.000657123623635
0.000321990575581
0.000657123623635
0.000225393402907
0.000459986536545
0.000321990575581
0.000459986536545
0.000225393402907
0.000321990575581
0.000321990575581
0.000225393402907
0.000321990575581
0.000459986536545
0.000459986536545
0.000321990575581
0.000459986536545
0.000657123623635
0.000657123623635
0.000459986536545
0.000657123623635
0.000938748033765
0.000938748033765
0.000657123623635
0.000938748033765
0.00134106861966
0.00134106861966
0.000938748033765
0.00134106861966
0.00191581231381
0.00191581231381
0.00134106861966
0.00191581231381
0.00273687473401
0.00273687473401
0.00191581231381
0.00273687473401
0.00390982104858
0.00390982104858
0.00273687473401
0.00390982104858
0.00558545864083
0.00558545864083
0.00390982104858
0.00558545864083
0.00797922662976
0.00797922662976
0.00558545864083
0.00797922662976
0.0113988951854
0.0113988951854
0.00797922662976
0.0113988951854
0.0162841359791
0.0162841359791
0.0113988951854
0.0162841359791
0.0232630513987
0.0232630513987
0.0162841359791
0.0232630513987
0.0332329305696
0.0332329305696
0.019075702147
0.0332329305696
0.0474756150994
0.0474756150994
0.0232695852587
0.0474756150994
0.0678223072849
0.0332329305696
0.0332329305696
0.0332329305696
0.0474756150994
0.0232630513987
0.0474756150994
0.0232630513987
0.0332329305696
0.0162841359791
0.0332329305696
0.0162841359791
0.0232630513987
0.0113988951854
0.0232630513987
0.0113988951854
0.0162841359791
0.00797922662976
0.0162841359791
0.00797922662976
0.0113988951854
0.00558545864083
0.0113988951854
0.00558545864083
0.00797922662976
0.00390982104858
0.00797922662976
0.00390982104858
0.00558545864083
0.00273687473401
0.00558545864083
0.00273687473401
0.00390982104858
0.00191581231381
0.00390982104858
0.00191581231381
0.00273687473401
0.00134106861966
0.00273687473401
0.00134106861966
0.00191581231381
0.000938748033765
0.00191581231381
0.000938748033765
0.00134106861966
0.000657123623635
0.00134106861966
0.000657123623635
0.000938748033765
0.000459986536545
0.000938748033765
0.000459986536545
0.000657123623635
0.000321990575581
0.000657123623635
0.000321990575581
0.000459986536545
0.000225393402907
0.000459986536545
0.000225393402907
0.000321990575581
0.000225393402907
0.000321990575581
Vrange: 15
Reward: 10
Gamma: 0.7
Alpha, epsilon, number of episodes and steps/episode: 0.6 0.9 5000 100