-10.0148362253
-10.018793739
-10.0222621838
-10.0400728806
-10.0059018818
-10.0022206321
-10.0037693407
-10.0069983132
-10.1640551718
-10.1158226591
-10.0003096198
-10.0899856911
-10.0532599572
-10.1163977493
-10.0028935082
-10.1165693235
-10.0070028813
-10.0027647973
-10.0023357822
-10.0066035196
-10.0038793544
-10.0007586891
-10.0062703463
-10.0048015167
-10.0065865296
-10.0049602442
-10.0064237694
-10.0018747965
-10.1507963253
-10.1072795875
-10.1766306582
-10.1114472557
-10.067549726
-10.2984225053
-10.6226518325
-10.289753498
-10.2650707587
-10.4085271119
-10.2905137773
-10.9329667127
-10.07155279
-10.2665392886
-10.052106443
-10.1561492307
-10.188524257
-10.6420878958
-10.0273580298
-10.1367621505
-10.1458994246
-10.1484171804
-10.0097206999
-10.1163225498
-10.003990074
-10.0278719659
-10.0148163832
-10.0415844946
-10.0108987632
-10.0489346453
-10.1225980366
-10.1542051832
-10.1367434478
-10.3002592086
-10.5847080806
-10.5124877793
-13.3123028876
-10.7768180171
-15.2225575053
-11.7102028624
-19.1763245642
-10.2591448397
-10.0213351222
-11.543816608
-10.1205293785
-10.140547156
-10.0131992212
-12.2426094519
-10.0373130687
-10.0222021503
-10.0501357851
-10.0298324445
-10.0568505444
-10.0039036054
-10.073824047
-10.0259695746
-10.0003898138
-10.0282828873
-10.0088332231
-10.0068471683
-10.0034817232
-10.2190431493
-16.0883114675
-10.5369031441
-10.0100835954
-11.3542273977
-19.4358259088
-12.0412723251
-15.0024552521
-19.5074469081
-11.3578154919
-20.4309161272
-10.2719819065
-10.3423004921
-10.0015809488
-23.8293890505
-10.0026082207
-10.0033911885
-10.0001498257
-10.1692724176
-10.0001313642
-10.0143869977
-10.006259754
-10.0022947699
-10.0005911628
-10.0055546716
-10.0031943114
-10.0073005544
-10.0031327782
-10.0081498615
-10.0485903839
-10.0235410071
-10.4860334801
-12.1734791112
-10.0567640049
-10.2242353689
-10.0007084275
-20.5933797208
-10.188246214
-10.0414104527
-10.0001724325
-10.461728446
-10.0325354391
-10.0112720606
-10.0001122362
-10.0012678572
-10.0039628816
-10.0005887833
-10.0000653438
-10.0035185589
-10.0016487935
-10.0011991268
-10.0002687376
-10.0017056163
-10.0012529504
-10.0017682679
-10.0014526394
-10.0314835015
-10.0227336413
-10.0239794938
-10.4941704372
-10.2540388185
-10.4253295478
-10.3232948376
-10.0400929963
-10.0828915802
-10.000287872
-10.2615646729
-10.0016112997
-10.0146516709
-10.0000410013
-10.0014933766
-10.0000229159
-10.0003105728
-10.0001605154
-10.0001722812
-10.0000056057
-10.0001072189
-10.00010714
-10.0000478954
-10.0005750623
-10.0007878621
-10.0003932668
-10.0010893626
-10.0039329698
-10.0054329203
-10.0017437745
-10.0038733275
-10.1678405754
-10.1845794923
-10.0110358245
-10.2058151886
-10.0050214113
-10.0072786676
-10.001050939
-10.2356725097
-10.0021745135
-10.000055802
-10.0001864947
-10.0025735667
-10.0002460479
-10.0000904359
-10.00002486
-10.0000864123
-10.000026637
-10.0000053685
-10.0000261519
-10.0000374996
