-2.45847391773e-06
-2.99699130715e-07
-1.17202875073e-08
-1.85365539051e-06
-4.89671348377e-08
-1.05156496744e-09
-4.65163374073e-09
-1.54235252156e-10
-0.0180191339291
-0.00488040513463
-0.000822711719815
-0.0030247203193
-0.00122244126929
-0.00166877032249
-0.000901353200758
-0.000166366678408
-0.00740376811121
-0.00554817608193
-6.05461929965e-05
-0.000209924189396
-0.000374684530526
-4.5500347902e-06
-2.46538269287e-08
-5.08534181347e-05
-1.28637247535e-05
-3.82781111356e-06
-7.47658674571e-07
-3.0783621227e-08
-0.00518629351228
-0.00116669845656
-1.03933540724e-05
-0.00156209597232
-0.00274421929834
-0.000526013212279
-0.00321549924076
-0.00317629651382
-0.00174846052953
-0.00128089842963
-0.0776054294339
-0.0522899131312
-0.150878254317
-0.0261398930174
-0.0862652099803
-0.0125596288394
-0.144149644513
-0.108899434513
-4.26726676082e-05
-0.116449365626
-1.79546055593e-05
-0.00210430813323
-3.57335018453e-06
-0.00175045655019
-2.21653075914e-05
-2.86449616617e-05
-0.000154975721798
-8.82215268558e-05
-5.06074144865e-06
-2.2448627483e-05
-0.000554773649751
-4.15438288913e-05
-0.000283551325634
-0.000192018735167
-0.0866350329467
-0.0551372262757
-0.125053627566
-0.0257263502861
-0.0341014757539
-0.1606493675
-10.0
-0.0334215113871
-0.000460685705964
-0.0687140446227
-0.0127657461619
-0.00926656866792
-0.000491405530573
-0.0042364301848
-0.00959932445611
-0.0432108408383
-0.000546241555141
-0.0027963820109
-1.53612899266e-05
-0.000938429200706
-0.000249748352566
-0.00100163163453
-1.09858592928e-05
-3.46991600438e-05
-4.67490689534e-05
-8.92391081768e-05
-0.000104429899137
-0.00373115787278
-0.383893959693
-0.108341711215
-8.89251229844e-08
-0.0539728596103
-10.0
-0.187321884868
0.0
0.0
0.0
0.0
-4.09193184469e-06
-0.480101031246
-3.00000519327
-10.0
-0.00102880931922
-0.000773398393208
-3.01339465363e-05
-3.00000998779
-2.38014111006e-07
-0.000319825325352
-0.00276868083519
-0.000650023387667
-6.38561315503e-08
-3.2510581034e-05
-0.000504774126017
-6.03108993779e-05
-4.8503207422e-06
-0.013153350148
-0.0112964775675
-0.0432004530565
-9.56013377267e-05
-0.0100712534128
-1.20001756956
-0.144097542714
-3.2276354597e-06
-10.0
-0.119460721218
-0.0189444864501
-5.68525445547e-08
-0.00185898420259
-0.000164004239094
-0.000371222504364
-3.07528689622e-07
-0.000144872467498
-7.95963868329e-06
-5.09090301881e-05
-2.92536273e-06
-7.55005071323e-05
-0.000141186127123
-1.62518635478e-07
-1.17316102358e-08
-9.76352457652e-06
-8.45342676868e-07
-7.19055343518e-06
-5.68060896082e-06
-5.69064074831e-05
-0.0031860607583
-0.000101722475201
-6.87528095037e-05
-0.0864379288586
-0.144209727538
-0.000513039753344
-0.00208934583879
-0.0123146548861
-1.46500292328e-06
-0.0051909567816
-1.09552529161e-07
-4.36565024952e-05
-5.61483846622e-05
-0.00155758608415
-3.04037306865e-06
-3.03275068676e-06
-7.77374915918e-08
-7.54292552202e-05
-1.86431473393e-08
-6.44678615429e-07
-1.85104447383e-07
-3.29456760087e-07
-1.47882666554e-09
-4.52287768222e-08
-6.36288989009e-08
-7.92684700822e-08
-1.6739368132e-05
-3.70305803331e-06
-2.3476618842e-05
-8.32551218774e-06
-0.0129945066239
-0.0821278382423
-7.21176615558e-05
-0.000490886088947
-2.12831878923e-06
-3.25660402044e-06
-4.35800005916e-06
-7.83197002664e-06
-5.43852389469e-07
-9.94966243852e-07
-8.23216793191e-08
-1.14708915001e-06
-4.63726096814e-07
-2.04865847385e-07
-2.05098566606e-12
-6.87096867419e-07
-1.02781013006e-08
-8.16803960908e-08
-7.48933956712e-09
-2.56373645191e-12
