0.963031443285
0.954385013567
1.45585924896
0.994737849257
1.39809465964
1.15444428493
1.91224080631
1.35247523128
3.32584286692
2.23390766138
2.75332950577
1.58487618942
4.72372353882
3.2772317015
1.2916274564
3.17879591621
2.31905387684
1.45620869049
1.13249214865
3.18073712946
2.33262041766
1.38372156163
0.698631654993
1.31200801641
1.43634614405
0.928656193439
0.869399416748
0.880623738789
1.67749907317
1.44133402118
2.28877715962
1.26131585478
3.29262287584
1.82989259301
2.78490193866
1.5574349592
4.00893831802
2.61252515468
2.37058107121
1.92715167358
6.99984783243
4.60715833116
1.97633159497
3.18640892719
4.89796568295
2.62524438177
1.94447019452
2.55278023914
2.51332784274
1.54641638807
0.95672321421
3.39434393684
1.01838174492
0.835537802809
1.31933208898
1.55742557177
2.03071188722
1.38731668612
2.99247446213
1.52944239877
4.66175600324
2.76477521977
2.51555309747
2.84064907146
6.99999949489
3.17207207337
3.8131780677
3.38314600328
10.0
6.83236224206
3.27092923623
6.9985814464
6.9996942218
4.26356030068
2.62091002034
4.07489834709
2.34625151468
2.36606106298
2.18329550357
4.83485787079
1.78137296707
2.08063939272
2.26050318188
3.42880629332
1.83578872926
2.67763390926
4.7458535649
2.52081577149
2.38942088446
4.23910317422
6.99999746804
3.31701123432
3.12567617505
6.99972585395
10.0
6.86310243634
0.0
0.0
0.0
0.0
3.93644834714
6.98709759999
3.51351224926
10.0
2.86899354081
4.1668172601
2.8944691545
5.99225122698
1.78016169722
1.21689539456
2.99678728113
4.56895103285
1.2360804087
3.26080858399
1.99553071501
1.65908482339
2.00150883347
4.85332937098
2.83712742398
1.9044740088
2.61373402857
6.99769978046
5.43373890985
3.33015998393
3.87399950789
10.0
3.083440549
6.51623112114
2.35634836555
5.6205689074
3.24733243451
7.0
1.99177171419
2.74364346609
1.72112376393
4.89999797745
1.06043688936
2.80668637372
1.89606730207
3.07807742278
0.675206314918
1.29624144032
1.90230725847
1.13986661807
1.11136970111
2.37582514529
3.15390377781
1.32489368829
1.47374390839
4.8585202733
2.98392601663
3.17110833253
1.7902926686
6.88626508225
1.90458672617
4.17645023925
1.62341497224
4.20315654483
1.92681547012
2.82971853978
1.12357294271
3.39522753016
1.33501560451
1.82607675772
0.932394600777
1.88570630224
1.46348530373
2.20999868592
0.690644775275
1.36223224368
1.13600074908
0.863230372591
1.18322607883
2.28901924577
2.08132647719
1.43581835312
1.49504878732
1.78118924078
3.28748586709
1.92377274525
1.89712203712
4.5385664958
1.73390841741
1.50489724486
2.15530616778
2.59893351473
1.1951583547
3.03662365102
1.1813950324
1.0544321113
0.692458354925
2.22661849695
0.897334713937
1.00414842098
0.994665014959
1.61393609063
Vrange: 3
Reward: 10
Gamma: 0.7
Alpha, epsilon, number of episodes and steps/episode: 0.6 0.9 5000 100