1.6807
1.17649
1.6807
1.17649
2.401
1.6807
2.401
1.6807
3.43
2.401
3.43
1.68188013952
4.9
3.43
2.401
3.42999999928
3.43
2.401
1.6807
3.43
2.401
1.6807
1.17649
2.401
1.6807
1.17649
1.17649
1.6807
2.401
1.6807
2.401
1.6807
3.43
2.401
3.43
2.228128
4.9
3.42578528671
4.9
3.26537616069
7.0
4.9
3.43
4.9
4.9
3.43
2.401
4.9
3.43
1.96882
1.6807
3.43
2.401
1.378174
1.6807
2.401
3.43
2.228128
3.43
2.401
4.9
2.81091408652
4.9
2.67031530767
7.0
4.8990366208
7.0
4.3128092779
10.0
6.66422020096
4.98064
6.9927699208
7.0
4.897591552
3.43000024608
7.0
4.9
3.36414417678
2.42576327999
4.9
3.43
1.6836503488
2.401
3.43
2.401
3.42999955805
4.9
3.43
3.43
4.018
7.0
3.665196054
4.90000000148
6.99655936
10.0
6.86562115318
0.0
0.0
0.0
0.0
4.9
7.0
4.9
10.0
3.43
4.9
3.43
7.0
2.401
3.42999955805
3.43
4.9
1.6807
3.43
3.43
2.401
2.401
4.9
4.9
3.43
3.43
7.0
7.0
4.89398870462
4.9
10.0
4.9
7.0
3.43
7.0
3.43
7.0
2.401
4.9
2.401
4.9
1.6807
3.43
2.401
3.43
1.17649
2.401
2.401
1.6807
1.6807
3.43
3.43
1.96882
2.41142906153
4.9
4.9
3.36414417678
3.43
7.0
3.43
4.9
2.401
4.9
2.401
4.9
1.6807
3.43
1.6807
3.43
1.17649
2.401
1.6807
2.401
1.17649
1.6807
1.6807
1.17649
1.6807
2.401
2.401
1.6807
2.401
3.43
3.43
2.120255872
3.43
4.9
2.401
3.43
2.401
3.43
1.6807
3.43
1.6807
2.401
1.17649
2.401
1.17649
1.6807
1.17649
1.6807
Vrange: 3
Reward: 10
Gamma: 0.7
Alpha, epsilon, number of episodes and steps/episode: 0.6 0.9 5000 100