-7.19554713555e-17
-1.26750215606e-17
-9.95561453156e-22
-4.73918606184e-42
-3.68862202412e-19
-4.21140800936e-18
-1.82341346968e-17
-4.19561599576e-16
-2.25906769484e-18
-1.88284652367e-11
-4.14269832236e-12
-4.18419311927e-11
-2.02500003024e-10
-9.15938029399e-11
-5.78020223377e-16
-9.11250011576e-09
-2.73267807671e-13
-8.48065999403e-14
-8.49897857287e-15
-9.1147231243e-13
-4.10492399044e-14
-3.11821052681e-31
-9.135247908e-13
-4.10066657771e-13
-2.07113491035e-13
-8.30385723771e-12
-8.30384893386e-11
-8.31243532257e-15
-4.10062575219e-12
-8.30376714819e-14
-8.50684651349e-24
-1.84528158849e-14
-9.13097335927e-09
-1.20954692573e-23
-4.51197309498e-14
-1.66241391168e-12
-9.11250000227e-05
-4.10062500092e-05
-2.04345349189e-07
-1.99610736505e-09
-0.00450000000018
-2.54366808065e-20
-9.11258480155e-07
-1.34263795033e-08
-0.00202520250001
-9.11258306195e-07
-3.60062087544e-19
-2.02501363399e-07
-3.69130067255e-09
-4.10144525353e-11
-7.99141521462e-21
-4.10163601306e-09
-4.18413162567e-13
-8.30582858555e-13
-1.88285923155e-13
-1.84573620628e-11
-1.84772689328e-08
-8.53306982534e-12
-1.84528137633e-07
-8.30376619349e-09
-1.84545152841e-12
-4.1416597137e-09
-0.000202501371153
-9.29705342757e-06
-0.45
-1.62576581868e-20
-0.450000000505
-2.13640192145e-05
-10.0
-0.00020250004215
-9.29705605142e-06
-9.20373782895e-06
-0.000450001845385
-0.000202500000068
-2.23935123535e-11
-0.450000000004
-3.93364182405e-15
-9.1218105704e-09
-4.28518518333e-09
-5.58872242679e-11
-9.08763267344e-21
-2.92225256738e-16
-4.52023936443e-14
-8.26385303704e-09
-6.89528172121e-19
-1.85755325708e-13
-4.27841878795e-13
-8.40559235417e-16
-8.39228583468e-12
-9.13198859727e-09
-4.51069188023e-06
-1.84528361763e-07
-0.00202500048937
-0.45
-10.0
-9.11287394327e-07
0.0
0.0
0.0
0.0
-4.10399510951e-16
-1.02706485976e-07
-4.71231106561e-10
-10.0
-2.59646292777e-24
-2.89185177492e-10
-1.84735149671e-12
-9.29772447465e-14
-8.54748042481e-22
-2.03411045415e-15
-9.15348676401e-18
-1.85709083992e-13
-9.09912011485e-19
-8.7423918431e-15
-8.31209117487e-12
-1.85945027801e-15
-3.52042577306e-19
-8.30382224683e-09
-9.11629293337e-10
-1.84913609953e-12
-9.21593043055e-18
-0.00045410062502
-4.50000000172e-05
-0.000202500000009
-3.49225603266e-20
-10.0
-2.02509112583e-05
-2.22791457811e-08
-6.02391200945e-28
-2.46357847667e-14
-7.62623429141e-19
-1.00237501368e-11
-7.88750973259e-30
-4.10087011415e-15
-1.13288158689e-18
-4.51068752782e-15
-4.48414696974e-23
-4.51295477789e-21
-1.85418247754e-20
-5.09385812336e-21
-1.68294274127e-21
-3.76795768201e-16
-3.74286224183e-15
-1.69683873095e-17
-9.11114100378e-18
-4.51256477836e-10
-1.39218670193e-20
-1.84604915167e-11
-2.11534365657e-21
-2.18192797631e-12
-4.48279209735e-17
-1.97777641785e-16
-8.57974015458e-23
-1.00256146131e-12
-2.030370106e-17
-9.81866665626e-16
-2.02003696862e-25
-1.10133919931e-15
-1.9929338752e-19
-9.13655131087e-19
-7.58082766986e-30
-2.21434854273e-19
-4.48405604157e-22
-4.12908169634e-22
-2.77346838858e-28
-2.29223615427e-23
-4.48405581723e-22
-9.96477415135e-24
-3.48228839071e-50
-1.69373860711e-16
-3.73669456889e-13
-5.53968969124e-21
-8.30920586862e-14
-8.49182609992e-12
-1.85048554277e-19
-8.30728249602e-14
-1.68226807971e-16
-1.002036299e-15
-1.81510335881e-24
-3.73848710221e-17
-1.98839626512e-20
-4.41844790288e-19
-2.22935156287e-25
-8.94737026846e-20
-2.01782514699e-23
-4.48419421199e-20
-1.04407567908e-28
-8.96750493746e-23
-5.92594597509e-27
-2.01823607845e-25
-9.58870503717e-30
-9.08490406066e-26
-2.09791921445e-27
-4.49451114072e-24
-4.67047904874e-27
-1.87474443532e-28
Vrange: 3
Reward: -10
Gamma: 0.05
Alpha, epsilon, number of episodes and steps/episode: 0.9 0.9 3000 20